# POSITION WT AAA AAC AAG AAT ACA ACC ACG ACT AGA AGC AGG AGT ATA ATC ATG ATT CAA CAC CAG CAT CCA CCC CCG CCT CGA CGC CGG CGT CTA CTC CTG CTT GAA GAC GAG GAT GCA GCC GCG GCT GGA GGC GGG GGT GTA GTC GTG GTT TAA TAC TAG TAT TCA TCC TCG TCT TGA TGC TGG TGT TTA TTC TTG TTT
1 ATG 0 0 0 0 0 0 4 0 0 0 0 0 3 1 104775 3 0 0 0 0 0 0 0 0 0 0 0 0 0 0 0 0 0 0 0 0 0 0 0 0 0 0 0 0 0 0 2 0 0 0 0 0 0 0 0 0 0 0 0 0 0 0 0 0
2 AAG 4 0 99635 8 0 0 5 0 0 0 12 0 0 3 1 0 0 0 0 13 0 11 0 0 0 0 0 0 0 0 0 0 0 0 11 0 0 0 0 0 0 0 0 0 0 0 0 0 0 4897 0 2 0 0 0 0 0 0 0 0 0 0 0 0
3 GCA 0 0 0 0 8 0 0 0 0 0 0 0 0 0 0 0 0 0 0 0 0 0 0 0 0 0 0 0 0 0 0 0 6 1 0 0 104637 0 41 0 1 0 0 0 32 0 0 1 0 1 0 0 9 0 0 0 0 0 0 0 0 0 0 0
4 AAA 104682 1 1 0 0 0 0 0 3 0 0 0 0 0 0 0 1 20 0 0 0 0 0 0 0 0 0 0 0 0 0 0 1 0 0 0 0 0 0 0 0 0 0 0 0 0 0 0 0 0 0 0 0 0 0 0 0 0 0 0 0 0 0 0
5 CTA 0 0 0 0 0 0 0 0 0 0 0 0 0 0 0 0 0 0 0 0 4 0 0 0 0 0 0 0 104795 55 1 0 0 0 0 0 0 0 0 0 0 0 0 0 0 0 0 0 0 0 0 0 0 0 0 0 0 0 0 0 4 0 0 0
6 CTG 0 0 0 0 0 1 0 0 0 0 0 0 0 0 5 0 0 0 1 0 0 0 6 0 0 0 0 0 2 0 104598 3 0 0 0 0 0 0 0 0 0 0 0 0 0 0 0 0 0 0 0 0 0 0 0 0 0 0 0 0 0 0 4 0
7 GTC 0 0 0 0 0 0 0 0 0 0 0 0 0 0 0 0 0 0 0 0 0 0 0 0 0 0 0 0 0 21 0 0 0 0 0 0 0 5 0 0 0 0 0 0 6 104445 0 3 0 0 0 0 0 0 0 0 0 0 14 15 0 3 0 0
8 CTG 0 0 0 0 0 0 0 0 0 0 0 0 0 0 6 0 0 0 0 0 0 0 22 0 0 0 0 0 11 1 104761 4 0 0 0 0 0 0 0 0 0 0 0 0 0 0 0 0 0 0 0 0 0 0 0 0 0 0 0 0 0 0 3 0
9 TTA 0 0 0 0 0 0 0 0 0 0 0 0 0 0 0 0 0 0 0 0 0 0 0 0 0 0 0 0 4 0 0 0 0 0 0 0 0 2 0 0 0 0 0 0 0 0 0 0 0 0 0 0 6 0 0 0 0 0 0 0 104726 0 1 0
10 TAT 0 0 0 0 0 0 0 0 0 0 0 0 0 0 0 0 0 0 0 8 0 0 0 0 0 0 0 0 0 0 0 0 0 0 0 0 0 0 0 0 0 0 0 0 0 0 0 0 1 0 0 104599 0 0 0 0 0 0 0 48 0 0 0 1
11 GCA 0 0 0 0 9 0 0 0 0 0 0 0 0 0 7 0 0 0 0 0 1 0 0 0 0 0 0 0 0 0 0 0 6 0 0 0 104377 1 1 0 0 0 0 0 24 0 0 0 0 0 0 0 3 0 0 0 0 0 0 0 0 0 0 17
12 TTT 0 0 0 0 0 0 0 0 0 0 0 0 0 0 0 0 0 0 0 0 0 0 0 0 0 0 0 0 0 0 0 2 0 0 0 0 0 0 0 0 0 0 0 0 0 0 0 0 0 0 0 0 0 0 0 2 0 0 0 0 1 3 0 104825
13 GTA 0 0 0 0 0 0 0 0 0 0 0 0 8 0 0 0 0 0 0 0 0 0 0 0 0 0 0 0 1 0 0 0 0 0 0 0 0 0 0 0 0 0 0 0 104637 0 14 0 0 0 0 0 0 0 0 0 0 0 0 0 4 0 0 0
14 GCT 0 0 0 0 0 0 0 3 0 0 0 0 0 0 0 0 0 0 0 0 0 0 0 0 0 0 0 0 0 0 0 0 0 0 0 5 0 14 0 104584 0 0 0 1 0 0 0 0 0 0 0 0 0 0 0 9 0 0 0 0 0 0 0 0
15 ACA 2 0 0 0 104391 4 15 4 3 0 0 0 5 0 0 0 0 0 0 0 0 0 0 0 0 0 0 0 0 0 0 0 0 0 0 0 4 0 0 0 0 0 0 0 0 0 0 0 0 0 0 0 0 0 0 0 0 0 0 0 0 0 0 0
16 GAT 0 0 0 3 0 0 0 0 0 0 0 0 0 0 0 0 0 0 0 0 0 0 0 0 0 0 0 0 0 0 0 0 0 0 1 104463 0 0 0 0 0 0 0 5 0 0 0 1 0 0 0 2 0 0 0 0 0 0 0 0 0 0 0 0
17 GCA 0 0 0 0 22 0 0 0 0 0 0 0 0 0 0 0 0 0 0 0 1 0 0 0 0 0 0 0 0 0 0 0 3 0 0 0 104438 4 37 1 2 0 0 0 15 0 0 0 0 0 0 0 3 0 0 0 0 0 0 0 0 0 0 0
18 GAC 0 1 0 0 0 0 0 0 0 0 0 0 0 0 0 0 0 0 0 0 0 0 0 0 0 0 0 0 0 0 0 0 3 103941 7 1 0 0 0 0 0 6 0 0 0 1 0 0 0 5 0 0 0 0 0 0 0 0 0 0 0 0 0 0
19 ACA 4 0 0 0 104320 0 24 1 1 0 16 0 2 0 0 0 0 0 0 0 1 0 0 0 0 0 0 6 0 0 0 0 0 0 0 0 3 0 0 0 0 0 0 0 0 0 0 0 0 0 0 0 2 0 0 0 0 0 0 0 0 25 0 0
20 ATA 1 0 0 0 2 0 0 0 0 0 0 0 104448 0 11 0 0 0 0 0 0 0 0 0 0 0 0 0 0 0 0 0 0 0 0 0 0 0 0 0 0 0 0 0 2 0 0 0 0 0 0 0 0 0 0 0 0 0 0 0 1 0 0 0
21 TGT 0 0 0 0 0 0 0 0 0 0 0 0 0 0 0 0 0 0 0 0 0 0 0 0 0 0 0 0 0 0 0 0 0 0 0 0 0 0 0 0 0 0 0 2 0 0 0 0 0 0 0 8 0 0 0 0 1 33 0 104653 0 0 0 1
22 ATA 0 0 0 0 0 0 0 0 0 0 0 0 104633 0 12 1 0 0 0 0 0 0 0 0 0 0 0 0 2 0 0 0 0 0 0 0 0 0 0 0 0 0 0 0 54 0 0 0 0 0 0 0 0 0 0 0 0 0 0 0 0 0 0 0
23 GGC 0 0 0 0 0 0 0 0 0 1 0 0 0 0 0 0 0 0 0 0 0 0 0 0 0 0 0 0 0 0 0 0 0 1 0 0 0 0 0 0 11 103686 3 6 0 2 0 0 0 0 0 0 0 0 0 0 0 12 0 0 0 0 0 0
24 TAC 0 0 0 0 0 62 0 0 0 0 0 0 0 0 0 0 0 6 0 0 0 0 0 0 0 0 0 0 0 0 0 0 0 0 0 0 0 0 0 0 0 0 0 0 0 0 0 0 4 104657 0 12 0 0 0 0 0 1 0 0 0 1 0 0
25 CAT 0 0 0 4 0 0 0 0 0 0 0 0 0 0 0 0 0 16 0 104762 0 0 0 1 0 0 0 8 0 0 0 0 0 0 0 0 0 0 0 0 0 0 0 0 0 0 0 0 0 0 0 3 1 0 0 0 0 0 0 0 0 0 0 0
26 GCG 0 0 0 0 0 0 4 0 0 0 0 0 0 0 0 0 0 0 0 0 0 0 0 0 0 0 0 0 0 0 0 0 0 0 18 0 48 2 103752 3 0 0 0 0 0 0 8 0 0 0 0 0 0 0 5 0 0 0 0 0 0 0 0 0
27 AAC 6 104494 0 15 0 1 0 0 0 5 0 0 0 0 0 0 0 0 0 0 0 0 0 0 0 0 0 0 0 0 0 0 0 23 0 0 0 0 0 0 0 0 0 0 0 0 0 0 0 0 0 0 0 0 0 0 0 0 0 0 0 0 0 0
28 AAC 8 104465 0 2 0 0 0 0 0 280 0 0 0 0 0 0 0 0 0 0 0 0 0 0 0 0 0 0 0 0 0 0 0 1 0 0 0 0 0 0 0 0 0 0 0 0 0 0 0 0 0 0 0 0 0 0 0 0 0 0 0 0 0 0
29 TCA 0 0 0 1 2 0 0 0 0 0 0 0 0 0 0 0 0 0 0 0 13 0 0 0 0 0 0 0 0 0 0 0 0 0 0 0 0 0 0 0 0 0 0 0 0 0 0 0 9 0 0 0 104600 0 9 3 0 0 0 0 2 0 0 0
30 ACC 0 3 0 0 8 104684 0 9 0 0 0 0 0 7 0 0 0 0 0 0 0 2 0 0 0 0 0 0 0 0 0 0 0 0 0 0 0 4 0 0 0 0 0 0 0 0 0 0 0 0 0 0 0 0 0 0 0 0 0 0 0 0 0 0
31 GAC 0 14 0 0 0 0 0 0 0 0 0 0 0 0 0 0 0 0 0 0 0 0 0 0 0 0 0 0 0 0 0 0 7 104531 0 3 0 0 0 0 0 3 0 0 0 0 0 0 0 4 0 0 0 0 0 0 0 0 0 0 0 0 0 0
32 ACT 0 0 0 3 0 2 1 104645 0 0 0 0 0 0 0 3 0 0 0 0 0 0 0 0 0 0 0 0 0 0 0 0 0 0 0 0 0 0 0 7 0 0 0 0 0 0 0 0 0 0 0 0 0 0 0 1 0 0 0 0 0 0 0 0
33 GTT 0 0 0 0 0 0 0 0 0 0 0 0 0 0 0 6 0 0 0 0 0 0 0 0 0 0 0 0 0 0 0 1 0 0 0 0 0 0 0 11 0 0 0 0 1 7 0 104439 0 0 0 0 0 0 0 0 0 0 0 0 0 0 0 3
34 GAC 0 0 0 0 0 0 0 0 0 0 0 0 0 0 0 0 0 0 0 0 0 0 0 0 0 0 0 0 0 0 0 0 3 104165 0 3 0 0 0 0 0 135 0 0 0 0 0 0 0 1 0 0 0 0 0 0 0 0 0 0 0 0 0 0
35 ACA 1 0 0 0 104491 38 13 3 0 0 0 0 3 0 0 0 0 0 0 0 1 0 0 0 0 0 0 0 0 0 0 0 0 0 0 0 1 0 0 0 0 0 0 0 0 0 0 0 0 0 0 0 0 0 0 0 0 0 0 0 0 0 0 0
36 ATA 0 0 0 0 1 0 0 0 0 0 0 0 104284 0 2 0 0 0 0 0 0 0 0 0 0 0 0 0 0 0 0 0 0 0 0 0 0 0 0 0 0 0 0 0 1 0 0 0 0 0 0 0 0 0 0 0 0 0 0 0 0 0 0 0
37 CTC 0 0 0 0 0 0 0 0 0 10 0 0 0 3 0 0 0 0 0 0 0 5 0 0 0 0 0 0 3 104484 1 6 0 0 0 0 0 0 0 0 0 0 0 0 0 0 0 0 0 0 0 0 0 0 0 0 0 0 0 0 0 5 0 0
38 GAG 0 0 3 0 0 0 0 0 0 0 0 0 0 0 0 0 0 0 0 0 0 0 0 0 0 0 0 0 0 0 0 0 6 0 103724 14 0 0 0 0 0 0 6 0 0 0 0 0 0 0 4 0 0 0 0 0 0 0 0 0 0 0 0 0
39 AAG 5 0 103082 2 0 0 0 0 0 0 21 0 0 0 0 0 0 0 0 0 0 0 0 0 0 0 0 0 0 0 0 0 0 0 6 0 0 0 0 0 0 0 0 0 0 0 0 0 0 0 0 0 0 0 0 0 0 0 0 0 0 0 0 0
40 AAT 1 3 0 104059 0 0 0 0 0 0 0 5 0 0 0 1 0 0 0 0 0 0 0 0 0 0 0 0 0 0 0 0 0 0 0 3 0 0 0 0 0 0 0 0 0 0 0 0 0 0 0 0 0 0 0 0 0 0 0 0 0 0 0 0
41 GTG 0 0 0 0 0 0 0 0 0 0 0 0 0 0 2 0 0 0 0 0 0 0 0 0 0 0 0 0 0 0 0 0 0 0 0 0 0 0 3 0 0 0 3 0 2 0 101961 2 0 0 0 0 0 0 0 0 0 0 0 0 0 0 0 0
42 GCA 0 0 0 0 5 0 0 0 0 0 0 0 0 0 0 0 0 0 0 0 1 0 0 0 0 0 0 0 0 0 0 0 7 0 0 0 102924 0 6 1 1 0 0 0 27 0 0 0 0 0 0 0 12 0 0 0 0 0 0 0 0 0 0 0
43 GTG 0 0 0 0 0 0 0 0 0 0 0 0 0 0 10 0 0 0 0 0 0 0 0 0 0 0 0 0 0 0 0 0 0 0 1 0 0 0 3 0 0 0 0 0 2 0 103098 6 0 0 0 0 0 0 0 0 0 0 0 0 0 0 2 0
44 ACA 48 0 0 0 103877 4 2 0 1 0 0 0 3 0 0 0 0 0 0 0 1 0 0 0 0 0 0 0 0 0 0 0 0 0 0 0 5 0 0 0 0 0 0 0 0 0 0 0 0 0 0 0 1 0 0 0 0 0 0 0 0 0 0 0
45 CAT 0 0 0 4 0 0 0 0 0 0 0 0 0 0 0 0 0 4 1 104213 0 0 0 0 0 0 0 2 0 0 0 0 0 0 0 0 0 0 0 0 0 0 0 0 0 0 0 0 0 0 0 4 0 0 0 0 0 0 0 0 0 0 0 0
46 TCT 0 0 0 0 0 0 0 1 0 0 0 0 0 0 0 0 0 0 0 0 0 0 0 3 0 0 0 0 0 0 0 0 0 0 0 0 0 0 0 0 0 0 0 0 0 0 0 0 0 0 0 9 0 251 2 103875 0 0 0 0 0 0 0 0
47 GTT 0 0 0 0 0 0 0 0 0 0 0 0 0 0 0 8 0 0 0 0 0 0 0 0 0 0 0 0 0 0 0 0 0 0 0 0 0 0 0 4 0 0 0 0 1 7 1 103728 0 0 0 0 0 0 0 0 0 0 0 0 0 0 0 13
48 AAC 4 104192 0 9 0 0 0 0 0 3 0 0 0 2 0 0 0 0 0 0 0 0 0 0 0 0 0 0 0 0 0 0 0 10 0 0 0 0 0 0 0 0 0 0 17 0 0 0 0 0 0 0 0 0 0 0 0 0 0 0 0 0 0 0
49 CTG 0 0 0 0 0 0 0 0 0 0 0 0 0 0 3 0 0 0 0 0 0 0 9 0 0 0 0 0 16 0 102956 230 0 0 0 0 0 0 0 0 0 0 0 0 0 0 0 0 0 0 0 0 0 0 0 0 0 0 0 0 0 0 3 0
50 CTC 0 0 0 0 0 0 0 0 0 0 0 0 0 6 0 0 0 1 0 0 0 3 0 0 0 0 0 0 8 103532 1 5 0 0 0 0 0 0 0 0 0 0 0 0 0 0 0 0 0 0 0 0 0 0 0 0 0 0 0 0 0 6 0 0
51 GAA 1 0 1 0 0 0 0 0 0 0 0 0 0 0 0 0 0 0 0 0 0 0 0 0 0 0 0 0 0 0 0 0 102539 2 5 1 0 0 0 0 6 0 0 0 0 0 0 0 2 0 0 0 0 0 0 0 0 0 0 0 0 0 0 0
52 GAC 1 1 0 0 0 0 0 0 0 0 0 0 0 0 0 0 0 0 0 0 0 0 0 0 0 0 0 0 0 0 0 0 4 101384 0 15 0 6 0 0 0 10 0 0 0 0 0 0 0 2 0 0 0 0 0 0 0 0 0 0 0 0 0 0
53 AGC 0 21 0 0 0 0 12 0 2 99641 0 43 0 16 0 0 0 0 0 0 0 0 0 0 0 0 0 0 0 0 0 0 0 0 0 0 0 4 23 0 0 15 0 0 0 0 0 0 0 0 0 0 0 0 0 0 0 1 0 0 0 0 0 0
54 CAC 0 0 0 0 0 0 0 0 0 0 0 0 0 0 0 0 1 101851 0 3 0 0 0 0 0 1 0 0 0 1 0 0 0 1 0 0 0 0 0 0 0 0 0 0 0 0 0 0 0 1 0 0 0 0 0 0 0 0 0 0 0 0 0 0
55 AAC 2 97312 1 15 0 0 0 0 0 8 0 0 0 0 0 0 0 0 0 0 0 0 0 0 0 0 0 0 0 0 0 0 0 12 0 0 0 0 0 0 0 0 0 0 0 0 0 0 0 0 0 0 0 0 0 0 0 0 0 0 0 0 0 0
56 GGG 0 0 0 0 0 0 1 0 0 0 3 0 0 0 0 0 0 0 0 0 0 0 0 0 0 0 6 0 0 0 0 0 0 0 14 0 0 0 0 0 28 0 102178 29 0 0 2 0 0 0 0 0 0 0 0 0 0 0 9 0 0 0 0 0
57 AAA 103553 1 4 0 1 0 0 0 0 0 0 0 0 0 0 0 0 0 0 0 0 0 0 0 0 0 0 0 0 0 0 0 4 0 0 0 0 0 0 0 1 0 0 0 0 0 0 0 0 0 0 0 0 0 0 0 0 0 0 0 0 0 0 0
58 CTA 0 1 0 0 0 0 0 0 0 0 0 0 4 0 0 0 0 0 0 0 12 0 0 0 0 0 0 0 101552 0 2 0 0 0 0 0 0 0 0 0 0 0 0 0 0 0 0 0 0 0 0 0 0 0 0 0 0 0 0 0 2 0 0 0
59 TGT 0 0 0 0 0 0 0 0 0 0 0 1 0 0 0 0 0 0 0 0 0 0 0 0 0 0 0 2 0 0 0 0 0 0 0 0 0 0 0 0 0 0 0 2 0 0 0 0 0 0 0 1 0 0 0 0 0 5 0 104028 0 0 0 1
60 AAA 104575 0 3 0 0 0 0 0 2 211 0 0 0 0 0 0 0 0 0 0 0 0 0 0 0 0 0 0 0 0 0 0 1 0 0 0 7 0 0 0 0 0 0 0 0 0 0 0 0 0 0 2 0 0 0 0 0 0 0 0 0 0 0 0
61 TTA 0 0 0 0 0 0 0 0 0 0 0 0 1 0 1 0 0 0 0 0 0 0 0 0 0 0 0 0 1 0 0 0 0 0 0 0 0 0 0 0 0 0 0 0 1 4 0 0 0 0 0 0 1 0 0 0 0 0 0 0 103641 0 6 2
62 AAA 103693 3 109 5 2 0 0 0 4 0 0 0 0 0 0 0 0 0 0 0 0 0 0 0 9 0 0 0 0 0 0 0 3 0 0 0 0 5 0 0 0 0 0 0 0 0 0 0 1 0 0 0 0 0 0 0 0 0 0 0 0 1 0 0
63 GGA 0 0 0 0 0 0 0 0 6 0 0 0 0 0 0 0 0 0 0 0 0 0 0 0 1 0 0 0 0 0 0 0 10 0 0 0 1 0 0 0 104318 1 0 1 4 0 0 0 0 0 0 0 0 0 0 0 2 0 0 0 0 0 0 0
64 ATA 3 0 0 0 3 0 0 0 0 0 0 0 104169 2 18 2 0 0 0 0 0 0 0 0 0 0 0 0 0 0 0 0 0 0 0 0 0 0 0 0 0 0 0 0 1 0 0 0 0 0 0 0 0 0 0 0 0 0 0 0 0 0 0 0
65 GCC 0 0 0 0 0 5 0 0 0 0 0 0 0 0 0 0 0 0 0 0 0 2 0 0 0 0 0 0 0 0 0 0 0 6 0 0 0 103239 1 2 0 0 0 0 0 8 0 0 0 0 0 0 0 3 0 0 0 0 0 0 0 0 0 0
66 CCA 0 0 0 0 9 0 0 0 0 0 0 0 0 0 0 0 0 0 0 0 102662 1 4 0 1 0 0 0 3 0 0 0 0 0 0 0 0 0 0 0 0 0 0 0 0 0 0 0 0 0 0 0 1 0 0 0 0 0 0 0 0 0 0 0
67 CTA 0 0 0 0 0 0 0 0 0 0 0 0 4 0 0 0 0 0 0 0 13 0 0 0 1 0 0 0 103280 0 4 0 0 0 0 0 0 0 0 0 0 0 0 0 0 0 0 0 0 0 0 0 0 0 0 0 0 0 0 0 3 0 0 0
68 CAA 2 0 0 0 0 0 0 0 0 0 0 0 4 0 0 0 103156 0 6 0 2 0 0 0 1 0 0 0 0 0 0 0 0 0 0 0 0 0 0 0 0 0 0 0 3 0 0 0 3 0 0 636 0 0 0 0 0 0 0 0 0 0 0 0
69 TTG 0 0 0 0 0 0 0 0 0 0 0 0 0 0 0 0 0 0 0 0 0 0 0 0 0 0 0 0 0 0 4 0 0 0 0 0 0 0 0 0 0 0 0 0 0 0 0 0 0 0 3 0 0 0 0 0 0 0 0 0 3 2 103482 4
70 GGG 0 0 0 0 0 0 0 0 0 0 1 0 0 0 0 0 6 2 0 0 0 0 0 0 0 0 0 0 0 0 0 0 0 0 10 0 0 0 0 0 49 0 104185 7 0 0 3 0 0 0 0 0 0 0 0 0 0 0 4 0 0 0 0 0
71 AAA 104784 1 30 16 0 0 0 0 3 0 0 0 0 0 0 0 0 0 0 0 0 0 0 0 0 0 0 0 0 0 0 0 4 0 0 0 0 0 0 0 0 0 0 0 0 0 0 0 0 0 0 0 0 0 0 0 0 0 0 0 0 0 0 0
72 TGT 0 0 0 0 0 0 0 0 0 0 0 1 0 0 0 0 0 0 0 0 0 0 0 0 0 0 0 6 0 0 0 0 0 0 0 0 0 0 0 0 0 0 0 0 0 0 0 0 0 0 0 4 0 0 0 1 0 13 0 104598 0 0 0 1
73 AAC 2 103986 0 3 0 1 0 0 0 12 0 0 0 0 0 0 0 0 0 0 0 0 0 0 0 0 0 0 0 0 0 0 0 16 0 0 0 0 0 0 0 0 0 0 0 0 0 0 0 1 0 0 0 0 0 0 0 0 0 0 0 0 0 0
74 ATC 0 0 0 0 0 4 0 0 0 1 0 0 5 103256 0 2 0 0 0 0 0 0 0 0 0 0 0 0 0 0 2 0 0 0 0 0 0 0 0 0 0 0 0 0 0 3 0 0 0 0 0 0 0 0 0 0 0 0 0 0 0 0 0 0
75 ACC 0 0 0 0 2 103605 1 764 0 0 0 0 0 4 0 0 0 0 0 0 0 1 0 0 0 0 0 0 0 0 0 0 0 0 0 0 0 6 1 0 0 0 0 0 0 0 0 0 0 0 0 0 0 0 0 0 0 0 0 0 0 0 0 0
76 GGA 0 0 0 0 0 0 0 0 9 0 0 0 0 0 0 0 0 0 0 0 0 0 0 0 0 0 0 0 0 0 0 0 5 0 0 0 2 0 0 0 104367 1 4 0 2 0 0 0 0 0 0 0 0 0 0 0 3 0 0 0 0 0 0 0
77 TGG 0 0 0 0 0 0 0 0 0 0 0 0 0 0 0 0 0 0 0 0 0 0 0 0 0 0 2 0 0 0 0 0 0 0 0 0 0 0 0 0 0 0 3 0 0 0 0 67 0 0 3 0 0 0 0 0 12 1 104131 18 0 0 2 0
78 CTC 0 0 0 0 0 0 0 0 0 0 0 0 0 8 0 0 0 1 0 0 0 13 0 0 0 0 0 0 14 104133 0 1 0 0 0 0 0 0 0 0 0 0 0 0 0 1 0 0 0 0 0 0 0 0 0 0 0 0 0 0 0 4 0 0
79 TTG 0 0 0 0 0 0 0 0 0 0 0 0 0 0 2 0 0 0 0 0 0 0 0 0 0 0 0 0 0 0 12 1 0 0 0 0 0 0 0 0 0 0 0 0 0 0 0 0 0 0 1 0 0 0 11 0 0 0 0 0 3 1 103700 6
80 GGA 0 0 0 0 0 0 0 0 7 0 0 0 0 0 0 0 0 0 0 0 0 0 0 0 0 0 0 0 0 0 0 0 4 0 0 0 0 0 0 0 104278 0 6 0 4 0 0 0 0 0 0 0 0 0 0 0 4 0 0 0 0 0 0 0
81 AAT 0 2 1 104477 0 0 0 0 0 0 0 1 0 0 0 0 0 1 0 1 0 0 0 0 0 0 0 0 0 0 0 0 0 0 0 1 0 0 0 0 0 0 0 0 0 0 0 0 0 0 0 0 0 0 0 0 0 0 0 0 0 0 0 0
82 CCA 0 0 0 0 12 0 0 0 0 0 0 0 0 0 0 0 2 0 0 0 104451 1 34 0 0 0 0 0 8 0 0 0 0 0 0 0 1 0 0 0 0 0 0 0 0 0 0 0 0 0 0 0 1 0 0 0 0 0 0 0 0 0 0 0
83 GAA 3 0 0 0 0 0 0 0 0 0 0 0 0 0 0 0 0 0 0 0 0 0 0 0 0 0 0 0 0 0 0 0 104766 1 1 0 11 0 1 0 3 0 0 0 1 0 0 0 7 0 0 0 0 0 0 0 0 0 0 0 0 0 0 0
84 TGC 0 0 0 0 0 0 0 0 0 0 0 0 0 0 0 0 0 0 0 0 0 0 0 0 0 0 0 0 0 0 0 0 0 0 0 0 0 0 0 0 0 0 0 0 0 0 0 0 0 3 0 0 0 0 0 0 3 104381 2 62 0 7 0 0
85 GAC 0 5 0 0 0 0 0 0 0 0 0 0 0 0 0 0 0 2 0 0 0 0 0 0 0 0 0 0 0 0 0 0 1 104699 0 8 0 0 0 0 0 8 0 0 0 0 0 0 0 3 0 0 0 0 0 0 0 0 0 0 0 0 0 0
86 TCA 0 0 0 0 6 0 0 18 0 0 0 0 0 0 0 0 0 7 0 0 4 0 0 0 0 0 0 0 0 0 0 0 0 0 0 0 0 0 0 0 0 0 0 0 0 0 0 0 7 0 0 0 104284 0 4 0 0 0 0 0 4 0 0 0
87 CTG 0 0 0 0 0 0 0 0 0 0 0 0 0 0 8 1 0 0 2 0 0 0 7 0 0 0 1 0 28 1 104231 140 0 0 0 0 0 0 0 0 0 0 0 0 0 0 0 0 0 0 0 0 0 0 0 0 0 0 0 0 0 0 12 0
88 CTT 0 0 0 0 0 0 0 0 0 0 0 0 0 0 0 12 0 0 0 0 0 0 0 1 0 0 0 2 0 6 0 104517 3 0 0 0 0 0 0 0 0 0 0 0 0 0 0 0 0 43 0 0 0 0 0 0 0 0 0 0 0 0 0 15
89 CCA 0 0 0 103 2 1 0 0 0 0 0 0 359 86 0 373 2 0 0 0 83061 0 7 0 0 0 0 0 542 483 720 22 4826 2974 1647 4413 1 1 0 0 0 0 15 0 0 28 0 9 1 684 0 93 3 0 1 1 0 0 885 0 180 3 1050 1272
90 GCG 93 1114 308 168 0 0 1 0 1126 0 335 0 0 51 597 0 93 2996 76 2039 105 361 412 0 69 1111 772 121 0 0 0 0 510 1548 2570 119 8 0 85532 6 0 1 1 0 0 0 99 0 0 530 0 315 13 0 16 0 0 0 74 0 44 521 0 91
91 AGA 109 955 0 1109 878 6018 479 105 69004 246 3 7 1404 34 2185 7 1882 491 93 4336 120 99 0 0 0 0 0 0 1386 326 896 98 0 0 0 525 300 11 0 419 160 195 553 1592 1480 730 3 60 0 5 0 1100 46 1746 538 364 0 0 0 0 0 116 438 303
92 TCA 1 1884 0 66 0 0 0 0 0 0 0 0 0 0 0 0 0 0 0 0 498 0 0 353 0 0 0 0 0 0 0 0 0 0 0 0 0 0 0 0 0 0 0 0 0 0 0 0 2 0 0 0 101315 34 460 0 0 0 0 0 2 0 0 0
93 TGG 0 0 0 0 0 0 0 0 0 0 1 0 0 0 0 0 0 0 0 0 0 0 0 0 0 0 3 0 0 0 0 0 0 0 0 0 0 0 0 0 0 0 0 0 0 0 0 0 0 0 7 0 0 0 0 0 4 0 104466 3 0 0 3 0
94 TCC 0 0 0 0 0 0 0 0 0 0 0 0 0 0 0 0 0 0 0 0 0 4 0 0 0 0 0 0 0 0 0 0 0 0 0 0 0 1 0 0 0 0 0 0 0 0 0 0 0 5 0 0 18 104639 1 8 0 0 0 0 0 1 0 0
95 TAC 0 0 0 0 0 0 0 0 0 0 0 0 0 0 0 0 0 15 0 0 0 0 0 0 0 0 0 0 0 0 0 0 0 0 0 0 0 0 0 0 0 0 0 0 0 0 0 0 5 104603 1 117 0 0 0 0 0 9 0 0 0 1 0 0
96 ATT 0 0 0 0 0 0 0 2 0 0 0 0 1 5 1 110974 0 0 0 0 0 0 0 0 0 0 0 0 0 0 0 0 0 0 0 0 0 0 0 0 0 0 0 0 0 0 0 3 0 0 0 0 0 0 0 0 0 0 0 0 0 0 0 3
97 GTA 0 0 0 0 0 0 0 0 0 0 0 0 1 0 0 0 0 0 0 0 0 0 0 0 0 0 0 0 0 0 0 1 0 0 0 0 6 0 0 0 1 0 0 0 110886 14 9 0 0 0 0 0 0 0 0 0 0 0 0 0 4 0 0 0
98 GAA 6 0 0 0 0 0 0 0 0 0 0 0 0 0 0 0 0 0 0 0 0 0 0 0 0 0 0 0 0 0 0 0 110995 0 5 0 0 0 0 0 1 0 0 0 1 0 0 0 1 0 0 0 0 0 0 0 0 0 0 0 0 0 0 0
99 ACA 1 0 0 0 110473 0 2 0 1 0 10 0 10 0 0 0 0 0 0 0 3 0 0 0 0 0 0 0 0 11 0 0 416 0 0 0 3 0 0 0 0 0 0 0 0 0 0 0 0 0 0 0 0 2 0 0 0 0 0 0 0 0 0 0
100 CCA 0 0 0 0 5 0 0 0 0 1 0 0 0 0 0 0 0 0 0 0 110669 40 9 0 0 0 0 0 0 0 0 0 0 0 0 0 0 0 39 0 0 0 0 0 0 0 0 131 0 0 0 0 3 0 0 0 0 0 0 0 0 0 0 0
101 AAC 5 110803 0 3 0 0 0 0 0 1 0 0 0 0 0 0 0 0 0 0 0 0 0 0 0 0 0 0 0 0 0 0 4 0 0 0 0 0 11 1 0 0 0 0 0 0 0 0 0 0 0 0 0 0 0 0 0 0 0 0 0 0 0 0
102 TCT 0 0 0 0 0 0 0 2 0 0 0 0 0 0 0 0 0 0 0 0 0 0 0 2 0 0 0 0 0 0 0 0 0 0 0 0 0 0 0 0 0 0 0 0 0 0 0 0 0 0 0 7 0 29 2 110756 0 0 0 0 0 0 0 0
103 GAG 0 0 1 0 0 0 0 0 0 0 0 0 0 0 0 0 0 0 0 0 0 0 0 0 0 0 0 0 0 0 0 0 2 0 110859 2 0 0 1 0 0 0 22 0 0 0 2 0 0 0 3 0 0 0 0 0 0 0 0 0 0 0 0 0
104 AAT 3 0 0 110755 0 5 0 0 0 0 0 2 0 0 0 0 0 0 0 0 0 0 0 0 0 0 0 0 0 54 0 0 0 0 0 1 0 0 0 2 0 0 0 0 0 0 0 0 0 0 0 0 0 0 0 0 0 0 0 0 0 1 0 0
105 GGA 0 0 0 0 0 0 0 0 5 0 0 0 0 0 0 0 0 0 0 0 0 0 0 0 0 0 0 0 0 0 0 0 3 0 0 0 0 0 0 0 110553 0 12 0 9 0 0 0 0 0 0 0 0 0 0 0 2 0 0 0 0 0 0 0
106 GCA 0 0 0 0 6 0 0 0 0 0 0 5 0 0 0 0 0 0 0 0 0 0 0 0 0 0 0 0 0 0 0 0 8 0 0 0 110534 58 1 0 0 0 0 0 88 0 0 0 0 0 0 0 4 53 0 0 0 0 0 0 0 16 0 0
107 TGT 0 0 0 0 0 0 0 0 0 0 0 1 0 0 0 0 0 0 0 0 0 0 0 0 0 0 0 14 0 0 0 0 0 0 0 0 0 0 0 0 0 0 0 0 0 0 0 0 0 0 0 11 0 0 0 0 1 2 1 110977 0 0 0 6
108 TAT 0 0 0 0 0 0 0 0 0 0 0 0 0 0 0 0 0 0 0 2 0 0 0 0 0 0 0 0 0 0 0 0 0 0 0 1 0 0 0 0 0 0 0 0 0 0 0 0 0 1 0 110638 0 0 0 0 0 0 0 1 0 0 0 1
109 CCA 0 0 0 0 6 0 0 0 0 0 0 0 0 0 0 0 1 0 0 0 110747 0 15 1 0 0 0 0 6 0 0 0 0 0 0 0 1 0 0 0 0 0 0 0 0 0 0 0 0 0 0 0 1 0 0 0 0 0 0 0 0 0 0 0
110 GGA 0 0 0 0 0 0 0 0 0 0 0 0 0 0 0 0 0 0 0 0 0 0 0 0 1 0 0 0 0 0 0 0 3 0 0 0 0 0 0 0 110869 0 6 0 3 0 0 0 0 0 0 0 0 0 0 0 5 0 0 0 0 0 0 0
111 GAT 0 0 0 35 0 0 0 0 0 0 0 0 0 0 0 0 0 0 0 2 0 0 0 0 0 0 0 0 0 0 0 0 0 2 0 109962 0 0 0 0 0 0 0 9 0 0 0 0 0 0 0 4 2 0 0 0 0 0 0 0 0 0 0 0
112 CTC 0 0 0 0 0 0 0 0 0 0 0 0 0 2 0 0 0 0 0 0 0 13 0 0 0 2 0 0 4 110629 0 32 0 0 0 0 0 0 0 0 0 0 0 0 0 0 0 0 0 0 0 0 0 0 0 0 0 0 0 0 0 84 0 0
113 ATC 0 0 0 0 0 1 0 0 0 0 0 0 10 110605 0 17 0 0 0 0 0 0 0 0 0 0 0 0 0 0 0 0 0 0 0 0 0 0 9 0 0 0 0 0 0 3 0 0 0 0 0 0 0 0 0 0 0 0 0 0 0 0 0 0
114 GAC 0 214 0 0 0 0 0 0 0 0 0 0 0 0 0 0 0 0 0 0 0 0 0 0 0 0 0 0 0 0 0 4 0 110160 0 3 25 0 0 0 0 2 0 0 0 0 0 0 0 3 0 0 0 0 0 0 0 0 0 0 0 0 0 0
115 TAT 0 0 0 0 0 0 0 0 0 0 0 0 0 0 0 0 0 2 0 8 0 0 0 0 0 0 0 0 0 0 0 0 0 0 0 0 0 0 0 0 0 0 0 0 0 0 0 0 0 4 1 110707 0 0 0 0 0 0 0 2 0 0 0 0
116 GAG 0 0 1 0 0 0 0 0 0 0 0 0 0 0 0 0 4 0 1 0 0 0 0 0 0 0 0 0 0 0 0 0 4 1 109603 15 0 0 1 0 0 0 470 0 0 0 1 0 0 0 5 0 0 0 0 0 0 0 1 0 0 0 0 0
117 GAA 61 0 0 0 0 0 0 0 0 0 0 0 0 0 0 0 1 0 0 0 0 0 0 0 0 0 0 0 0 0 0 0 109499 2 3 0 0 0 0 0 3 0 0 0 3 0 0 0 10 0 0 0 0 0 0 0 0 0 0 0 0 0 0 0
118 CTG 0 0 0 0 0 0 0 0 0 0 0 0 0 0 1 0 0 0 2 0 0 0 10 0 0 0 0 0 40 0 110534 0 0 0 0 0 0 0 0 0 0 0 0 0 0 0 2 0 0 0 0 0 0 0 0 0 0 0 0 0 0 0 4 0
119 AGG 0 0 50 0 0 0 0 0 3 0 109464 5 0 0 8 8 0 0 0 0 0 0 0 0 0 0 1 0 0 0 0 0 0 0 0 0 0 0 0 0 0 0 16 0 0 0 0 0 0 39 0 0 0 0 0 0 0 0 2 0 0 0 0 0
120 GAG 0 0 1 0 0 0 0 0 0 0 0 0 0 0 0 0 0 0 0 0 0 0 0 0 0 0 0 0 0 0 0 0 12 0 110356 5 0 0 0 0 0 0 23 0 0 0 1 0 0 0 4 0 0 0 0 0 0 0 0 0 0 0 0 0
121 CAA 3 0 0 0 0 0 0 0 0 0 0 0 0 0 0 0 110797 0 1 1 0 0 0 0 2 0 0 0 0 0 0 0 0 0 0 0 0 0 0 0 0 0 0 0 0 0 0 0 44 5 0 0 0 0 0 0 0 0 0 0 0 0 0 0
122 TTG 0 0 0 0 0 0 0 0 0 0 0 0 0 0 0 0 0 0 0 0 0 0 0 0 0 0 0 0 0 0 2 0 0 0 0 0 0 0 0 0 0 0 0 0 0 0 0 0 0 0 0 0 0 0 2 0 0 0 0 0 6 0 110078 3
123 AGC 0 4 0 0 0 0 0 0 8 110249 0 1 0 12 0 0 0 0 0 0 0 0 0 0 0 0 0 0 0 0 0 0 0 0 0 0 0 0 0 0 0 6 0 0 1 0 0 0 0 0 0 0 0 0 0 0 0 0 0 9 0 0 0 0
124 TCA 0 0 0 0 0 0 0 0 0 0 0 0 0 0 0 0 0 0 1 0 9 0 0 0 0 0 0 0 0 0 0 0 0 0 0 0 0 0 0 18 0 0 0 0 0 0 0 0 1 0 0 0 110812 1 12 1 0 0 0 0 0 0 0 0
125 GTA 0 0 0 0 0 0 0 0 0 0 0 0 3 0 0 0 0 0 0 0 0 0 0 0 0 0 0 0 0 0 0 0 1 0 0 0 18 0 0 0 0 0 0 0 110830 1 7 0 0 0 0 0 0 0 0 0 0 0 0 0 6 0 0 0
126 TCA 0 0 0 0 0 0 0 0 0 0 0 0 0 0 0 0 0 0 0 0 2 0 0 0 0 0 0 0 0 0 0 0 0 0 0 0 0 0 0 0 0 0 0 0 0 0 0 0 5 0 0 0 110832 2 3 0 0 0 0 0 1 0 0 0
127 TCA 0 0 0 0 5 0 0 0 0 0 0 0 0 0 0 0 0 0 0 0 7 0 0 0 0 0 0 0 0 0 0 0 0 0 0 0 0 0 0 0 0 0 0 0 0 0 0 0 3 0 0 0 110863 0 5 0 1 0 0 0 2 0 0 0
128 TTA 0 0 0 0 0 0 0 0 0 0 0 0 0 0 0 0 0 0 0 0 0 0 0 0 0 0 0 0 4 0 0 0 0 0 0 0 0 0 0 0 0 0 0 0 1 0 0 0 0 0 0 0 2 0 0 0 0 0 0 0 110781 0 14 0
129 GAA 3 0 0 0 0 0 0 0 0 0 0 0 0 0 0 0 1 0 0 0 0 0 0 0 0 0 0 0 0 0 0 0 110559 0 0 0 1 0 0 0 4 0 0 0 2 0 0 0 4 0 0 0 0 0 0 0 0 0 0 0 0 0 0 0
130 AGA 0 0 0 0 0 0 0 0 110474 0 3 0 4 0 0 0 0 0 0 0 0 0 0 0 4 0 0 19 0 0 0 0 0 0 0 0 0 0 0 0 8 0 0 0 0 0 0 0 0 0 0 0 0 0 0 0 0 0 0 0 0 0 0 0
131 TTC 0 0 0 0 0 0 0 0 0 0 0 0 0 1 0 0 0 0 0 0 0 0 0 0 0 0 0 0 0 4 0 0 0 0 0 0 0 0 0 0 0 0 0 0 0 0 0 0 0 2 0 0 0 1 0 0 0 0 0 0 4 110802 0 1
132 GAA 3 0 0 0 0 0 0 0 0 0 0 0 0 0 0 0 0 0 0 0 0 0 0 0 0 0 0 0 0 0 0 0 110908 2 1 6 0 0 0 0 6 0 0 0 0 0 8 0 2 0 0 0 0 0 0 0 0 0 0 0 0 0 0 0
133 ATA 2 0 0 0 4 0 0 0 0 0 0 0 110890 0 1 0 0 0 0 0 0 0 0 0 0 0 0 0 4 0 0 0 0 0 0 0 0 0 0 0 0 0 0 0 4 0 0 0 0 0 0 0 0 0 0 0 0 0 0 0 1 0 0 0
134 TTT 0 0 0 0 0 0 0 0 0 0 0 0 0 0 0 0 0 0 0 0 0 0 0 0 0 0 0 0 0 0 0 3 0 0 0 0 0 0 0 0 0 0 0 0 0 0 0 0 0 0 0 0 0 0 0 1 0 0 0 0 1 2 0 110867
135 CCC 0 62 0 6 0 4 0 0 0 0 0 0 0 0 0 0 0 15 0 0 62 110250 0 5 0 0 0 0 0 0 0 0 0 0 0 0 0 18 0 0 0 0 0 0 0 0 0 0 0 0 0 0 0 2 0 0 0 0 0 0 0 0 0 0
136 AAG 0 0 109796 3 0 0 1 23 0 0 8 0 0 0 0 0 0 0 1 0 0 0 0 0 52 0 0 0 0 0 0 0 0 0 4 0 0 0 0 0 0 0 0 0 0 0 0 0 0 0 0 0 0 0 0 0 0 0 0 0 0 0 1 0
137 GAA 5 0 0 38 0 0 0 0 0 0 0 0 0 0 0 0 0 0 0 0 0 0 0 0 0 0 0 0 0 0 0 0 109070 1 29 0 0 0 0 0 7 0 0 0 0 65 0 0 4 0 0 0 0 0 0 0 0 0 0 0 0 0 0 0
138 AGT 0 0 0 4 1 21 0 0 0 2 0 110237 0 0 0 13 0 0 0 0 0 0 0 0 22 0 0 0 0 0 0 0 0 0 0 0 0 0 0 0 0 0 51 4 0 0 0 0 0 0 0 0 0 7 0 0 0 0 0 0 0 0 0 0
139 TCA 0 0 0 0 18 0 1 0 0 0 0 0 0 0 0 0 0 0 0 0 5 0 0 0 0 0 0 0 0 0 0 0 0 0 0 0 106 0 0 0 0 0 0 0 0 0 0 0 5 0 0 0 110208 0 8 0 0 0 0 0 4 0 0 0
140 TGG 0 0 0 0 0 0 0 0 0 0 1 0 0 0 0 0 0 0 0 0 0 0 0 0 0 0 5 0 0 0 0 0 0 0 0 0 0 0 0 0 0 0 0 0 0 0 0 0 0 0 3 0 0 0 0 0 8 1 106013 10 0 0 6 0
141 CCC 0 0 0 0 0 20 0 0 0 0 0 0 0 0 0 0 1 5 0 0 38 110209 0 2 0 0 0 0 0 3 0 0 0 0 0 0 0 0 0 0 0 0 0 0 0 0 0 0 0 0 0 0 0 8 0 0 0 0 0 0 0 0 0 0
142 AAC 7 110230 1 2 0 1 0 0 0 5 0 0 0 2 0 0 0 1 0 0 1 0 0 0 0 0 0 0 0 0 0 0 0 8 0 0 0 0 0 0 0 0 0 0 0 0 0 0 0 2 0 0 0 0 0 0 0 0 0 0 0 0 0 0
143 CAC 0 3 0 0 0 0 0 0 0 0 0 0 0 0 0 0 1 110266 0 3 0 0 0 0 0 1 0 0 0 0 0 0 0 0 0 0 0 0 0 0 0 0 0 0 0 0 0 0 0 6 0 0 0 0 0 0 0 0 0 0 0 0 0 0
144 ACA 1 0 0 0 105674 19 2 8 0 0 0 0 2 0 0 0 0 0 0 0 0 0 0 0 0 0 0 0 0 0 0 0 0 0 0 0 9 0 0 0 0 0 0 0 0 0 0 0 0 0 0 0 1 0 0 4 0 0 0 0 0 0 0 0
145 TTC 0 0 0 0 0 0 0 0 0 7 0 0 0 7 0 0 0 42 0 0 0 0 0 0 0 0 0 0 0 31 0 0 0 0 0 0 0 0 0 0 0 0 0 0 0 0 0 0 0 0 0 0 0 2 0 0 0 1 0 0 2 107112 0 347
146 AAC 1 103367 0 32 0 0 0 0 0 10 0 0 0 0 0 0 0 1 0 7 0 620 8 0 0 0 0 0 0 0 0 0 0 13 0 0 0 0 0 0 704 0 722 0 0 0 0 0 0 1 0 683 0 0 0 0 0 0 0 0 0 0 0 0
147 GGA 0 0 0 0 0 0 0 0 18 0 0 0 0 0 0 0 0 0 0 0 0 0 0 0 0 0 0 0 0 0 0 0 1 0 0 0 2 0 0 0 106665 1 21 2 1 0 0 0 0 0 0 0 0 0 0 0 2 0 0 0 0 0 0 0
148 GTA 0 0 0 0 0 0 1 0 0 0 0 0 7 0 0 0 0 0 0 0 0 0 0 0 0 0 0 0 0 46 0 0 0 0 0 0 9 0 0 0 0 0 0 0 104263 0 7 0 0 0 0 0 0 0 0 0 0 0 0 0 16 0 0 0
149 ACA 0 0 0 0 107132 2 18 1 0 0 0 0 14 0 0 0 0 0 0 0 2 0 0 0 0 0 0 0 0 0 0 0 0 0 0 0 3 0 0 0 0 0 0 0 0 0 0 0 0 0 0 0 0 0 0 0 0 0 0 0 0 0 0 0
150 GTA 0 0 0 0 0 0 0 0 0 0 0 0 30 0 0 0 0 0 0 0 0 0 0 0 0 0 0 0 0 0 0 0 0 0 0 0 0 0 0 0 0 0 0 0 106177 0 32 0 0 0 0 0 0 15 0 0 0 0 0 0 4 0 0 0
151 TCA 0 0 0 0 3 0 0 0 0 0 0 0 0 0 0 0 0 0 0 0 2 0 0 0 0 0 1 0 0 0 0 0 0 0 0 0 0 0 0 0 0 0 0 0 0 0 0 0 4 0 0 0 105173 1 16 0 0 0 0 0 2 0 0 0
152 TGC 0 0 0 0 0 0 0 0 0 0 0 0 0 0 0 0 0 0 0 0 0 0 0 0 0 7 0 0 0 0 0 0 0 0 0 0 0 0 0 0 0 0 0 0 0 0 0 0 0 9 0 0 0 1 0 0 8 107428 0 11 0 7 0 0
153 TCC 0 0 0 0 0 2 0 0 0 0 2 0 3 0 0 0 0 0 0 12 3 185 0 0 0 0 0 0 0 108 0 25 0 0 0 0 0 0 0 0 0 0 0 0 0 0 0 0 0 7 1 0 4 105563 3 4 0 0 0 0 0 2 0 0
154 CAT 0 0 0 4 19 27 0 4 1 0 14 0 180 0 1 2 0 3 0 107553 102 0 0 0 0 0 0 1 0 4 0 0 0 0 0 0 2 0 0 0 0 0 4 0 8 0 0 0 0 0 3 2 0 0 0 0 0 0 0 0 0 0 0 0
155 AGG 1 0 8 0 0 0 0 0 0 0 109690 4 0 0 11 2 0 0 0 0 0 0 0 0 0 0 0 0 0 0 0 0 3 6 0 0 0 0 0 0 14 0 205 0 0 0 0 0 0 0 107 0 0 0 0 0 0 0 0 0 0 0 0 28
156 GGA 24 0 0 0 0 0 0 0 2 0 0 0 0 0 0 0 0 0 0 0 0 0 0 0 0 0 0 0 0 0 0 0 182 0 0 0 0 0 0 0 109077 9 92 0 5 0 0 0 0 0 0 0 0 0 0 0 2 0 0 0 0 0 0 0
157 AAA 110314 0 2 0 0 53 0 0 1 0 0 0 0 0 0 0 0 0 0 0 0 0 0 0 0 0 0 0 0 0 0 0 4 0 0 0 0 0 0 0 0 0 0 0 0 0 2 0 0 0 0 0 339 0 0 0 0 0 0 0 0 0 0 0
158 AGC 0 60 0 0 0 0 0 0 1 109181 0 20 0 4 0 0 0 0 0 0 0 4 0 0 0 0 0 0 0 0 0 0 0 0 0 0 0 0 0 0 0 26 0 0 0 0 0 0 0 0 0 0 0 0 0 0 0 0 0 0 0 0 0 0
159 AGT 0 0 0 391 0 3 0 0 0 1 1 109706 0 0 0 4 0 0 0 0 0 0 0 0 0 0 0 0 0 0 0 0 0 0 0 0 0 0 0 0 0 0 0 4 0 0 0 0 0 0 0 0 0 0 0 0 0 0 0 0 0 0 0 0
160 TTT 0 0 0 0 0 0 0 0 0 0 0 0 0 0 0 0 0 0 0 0 0 0 0 0 0 0 0 0 0 0 0 0 0 0 0 0 0 0 0 0 0 0 0 0 0 0 0 2 0 0 0 0 0 0 0 2 0 0 0 0 0 3 0 109909
161 TAC 0 0 0 0 0 0 0 0 0 0 0 0 0 0 0 0 0 3 0 0 0 0 0 0 0 0 0 0 0 0 0 0 0 0 0 0 0 0 0 0 0 0 0 0 0 0 0 0 3 110245 0 12 0 0 0 0 0 4 0 0 0 105 0 0
162 AGA 2 0 0 0 0 0 0 0 110389 0 0 2 2 0 0 0 0 0 0 0 0 0 0 0 5 0 0 0 0 0 0 0 0 0 0 0 0 0 0 0 47 0 0 0 0 0 0 0 0 0 0 0 0 0 0 0 2 0 0 0 0 0 0 0
163 AAT 0 1 0 109758 0 0 0 0 0 0 0 1 0 0 0 2 0 0 0 0 0 0 0 0 0 0 0 0 0 0 0 0 0 0 0 1 0 0 0 0 0 0 0 0 0 0 0 0 0 0 0 0 0 0 0 0 0 0 0 0 0 0 0 0
164 TTG 0 0 0 0 0 0 0 0 0 0 0 0 0 0 0 0 0 0 0 0 0 0 0 0 0 0 0 0 0 0 0 0 0 0 0 0 0 0 0 0 0 0 0 0 0 0 14 0 0 0 4 0 0 0 0 0 0 0 0 0 3 0 110562 7
165 CTA 0 0 0 0 0 0 0 0 0 0 0 0 3 0 0 0 0 0 0 0 5 0 0 0 0 0 0 0 109689 1 59 0 0 0 0 0 0 0 0 0 0 0 0 0 3 0 0 0 0 0 0 0 0 11 0 0 0 0 0 0 16 0 0 0
166 TGG 0 0 0 0 0 0 0 0 0 0 1 0 0 0 0 0 0 0 0 0 0 0 0 0 0 0 5 0 0 0 0 0 0 0 0 0 0 0 0 0 0 0 2 0 0 0 0 0 0 0 12 0 0 0 0 0 13 0 110588 6 0 0 2 0
167 CTG 0 0 0 0 0 0 0 0 0 0 0 0 0 0 9 0 0 0 0 0 0 0 3 0 0 0 0 0 29 0 109380 2 0 0 0 0 0 0 0 0 0 0 0 0 0 0 35 0 0 0 0 0 0 0 0 0 0 0 0 0 0 0 4 0
168 ACG 0 0 1 0 6 0 110230 5 0 0 0 0 0 0 21 0 0 0 0 0 0 0 2 0 0 0 0 0 1 0 0 0 0 0 0 0 0 0 9 0 0 0 0 0 0 0 0 0 0 0 0 0 0 0 0 0 0 0 0 0 0 0 0 0
169 AAG 60 0 110379 3 0 0 3 0 0 0 5 0 0 0 1 0 0 24 0 0 0 0 0 0 0 0 0 0 0 0 0 0 0 0 5 0 0 0 0 0 0 0 0 0 0 0 0 0 0 0 0 0 0 0 0 15 0 0 0 0 0 0 0 0
170 AAG 7 0 110644 4 0 0 1 0 0 0 10 0 0 0 2 0 0 0 0 0 0 0 0 0 0 0 0 0 0 1 0 0 0 0 2 0 0 0 0 0 0 0 0 0 0 0 0 0 0 0 0 0 0 0 0 0 0 0 0 0 0 0 0 0
171 GGG 0 0 0 0 0 0 0 0 0 0 5 0 0 0 0 0 0 0 0 0 0 0 0 0 0 0 0 0 0 0 0 0 0 0 10 0 0 0 0 0 10 0 110145 8 0 0 3 0 0 0 0 0 0 0 16 0 0 0 4 0 0 0 0 0
172 GAT 0 0 0 12 0 0 0 0 0 0 0 0 0 0 0 0 0 0 0 1 0 0 0 0 0 0 0 0 0 0 0 0 1 0 2 110286 0 0 0 0 0 0 0 8 0 0 0 103 0 0 0 19 0 0 0 0 0 0 0 0 0 0 0 0
173 TCA 0 0 0 0 1 0 0 0 0 0 0 0 0 0 2 0 0 0 0 0 7 0 0 0 0 0 0 0 0 0 0 0 3 0 1 0 0 0 0 0 0 0 0 0 0 0 0 0 2 0 0 0 110310 1 18 0 1 0 0 0 10 0 0 0
174 TAC 0 1 0 0 0 0 0 0 0 0 0 0 0 0 0 0 0 6 0 0 0 0 0 0 0 0 0 0 0 0 0 0 0 1 0 0 0 0 0 0 0 0 0 0 0 0 0 0 8 110341 0 13 0 0 0 0 0 16 0 0 0 18 0 0
175 CCA 4 0 0 0 20 0 0 1 0 2 0 0 0 0 0 37 4 0 34 0 109135 138 1 0 0 0 0 0 3 5 0 0 0 0 0 0 0 0 1 0 0 0 0 0 0 0 0 3 0 0 0 0 3 0 0 0 0 0 0 0 0 0 0 0
176 AAG 7 1 110793 7 1 0 2 0 0 0 12 0 51 0 2 0 0 0 2 0 0 25 26 0 4 0 0 0 0 0 0 0 0 0 1 0 0 0 0 0 0 0 0 0 0 0 0 0 0 0 0 0 0 0 0 0 0 0 0 0 0 0 0 0
177 CTG 0 0 0 0 0 3 0 0 0 0 0 0 0 0 8 0 0 0 0 0 0 0 6 0 0 0 1 0 7 2 110398 5 0 0 0 0 0 0 0 0 0 0 0 0 0 0 0 0 0 0 0 0 0 0 0 0 0 0 0 0 0 0 3 0
178 ACC 0 4 0 0 4 110541 0 7 0 0 0 1 0 6 0 0 0 0 0 0 0 1 0 0 0 0 0 0 0 0 0 1 0 0 0 0 0 64 0 0 0 0 0 0 0 1 0 10 0 0 0 0 0 1 0 0 0 0 0 0 0 0 0 0
179 AAT 3 0 0 110702 0 0 0 0 0 0 0 20 0 0 10 1 0 0 0 1 0 3 0 0 0 0 0 0 0 0 0 0 0 0 0 4 0 0 0 0 0 0 0 0 5 0 20 0 0 0 0 0 0 0 0 0 0 0 0 0 0 0 0 0
180 TCC 0 0 0 0 0 0 0 0 0 0 0 0 0 0 0 0 0 0 0 0 0 1 0 0 0 0 0 0 0 0 0 0 82 0 0 0 0 0 0 0 0 0 0 0 0 0 0 0 0 8 0 0 1 110096 0 5 0 0 0 0 0 3 0 0
181 TAT 0 0 0 4 0 0 0 0 0 0 0 0 0 0 0 0 0 0 0 22 0 0 0 0 0 0 0 0 0 0 0 0 0 0 0 0 0 0 0 0 0 0 0 0 0 0 0 0 1 4 13 110674 0 0 0 0 0 0 0 3 0 0 0 1
182 GTG 0 0 0 0 0 0 0 0 0 0 0 0 0 0 2 0 0 0 0 0 0 0 0 0 0 0 0 0 0 0 0 0 0 0 0 0 0 0 2 0 0 0 0 0 2 0 110559 2 0 0 0 0 87 0 0 0 0 0 0 0 0 0 1 0
183 AAC 6 110717 0 4 0 1 0 0 0 4 0 0 0 0 0 0 0 0 0 0 0 0 0 0 0 0 0 0 0 0 0 0 0 9 0 0 0 0 0 0 0 0 0 0 0 0 0 0 0 0 0 0 0 0 0 0 0 0 0 0 0 0 0 0
184 AAT 1 0 0 110846 0 0 0 0 0 0 0 0 0 0 0 0 0 0 0 1 0 0 0 0 0 0 0 0 10 0 0 0 0 0 0 1 0 0 0 0 0 0 0 0 0 0 0 0 0 0 0 0 0 0 0 0 0 0 0 0 0 0 0 0
185 AAA 110767 1 10 3 0 0 0 0 5 0 0 0 0 0 26 2 0 0 0 0 0 0 0 0 0 0 0 0 0 0 0 0 20 0 0 0 0 0 0 0 0 0 0 0 0 0 0 0 0 0 0 0 0 0 0 0 0 0 0 0 0 0 0 0
186 GGG 0 0 0 0 0 0 0 0 0 0 7 0 0 0 0 0 0 0 0 0 0 0 0 0 0 0 0 0 0 0 0 0 0 0 9 0 26 0 0 0 9 0 110598 0 0 0 4 0 0 0 0 0 0 0 0 8 0 0 7 0 50 0 0 2
187 AAA 110942 5 8 2 0 0 0 0 10 0 0 0 0 0 0 0 0 0 0 0 0 0 0 0 0 0 0 0 0 0 0 0 8 0 0 0 0 0 0 0 0 0 0 0 0 0 0 0 1 0 0 0 0 0 0 0 0 0 0 4 0 0 0 0
188 GAA 2 0 0 0 0 0 0 0 0 101 0 0 0 0 0 0 0 8 0 0 0 0 0 0 0 0 0 0 0 0 0 0 110780 0 2 0 9 0 0 0 2 0 0 0 54 0 0 0 4 0 0 0 0 0 0 0 0 0 0 0 0 0 0 0
189 GTC 0 0 0 0 0 0 0 0 0 0 0 0 0 22 0 0 0 0 0 0 0 0 0 0 0 0 0 0 0 0 0 0 0 0 0 0 0 4 0 0 0 0 0 0 5 110720 130 93 0 0 0 0 0 0 0 0 0 0 0 0 0 3 0 0
190 CTT 0 0 0 0 0 0 0 0 0 0 0 0 0 0 0 1 0 0 0 2 0 0 0 17 0 0 0 4 0 4 1 110354 0 0 0 0 0 0 0 0 0 0 0 0 0 0 0 0 0 0 0 0 0 0 0 0 0 0 0 0 0 0 0 2
191 GTA 0 0 0 0 0 0 0 0 0 0 0 0 3 0 0 0 0 0 0 0 0 0 0 0 0 0 0 0 0 0 0 0 2 0 0 0 5 0 0 0 0 0 0 0 99363 0 7 0 0 0 0 0 0 0 0 0 0 0 0 0 1 0 0 0
192 CTA 0 0 0 0 0 0 0 0 0 0 0 0 1 0 0 0 1 0 0 0 8 0 0 0 0 0 0 0 99443 0 2 0 0 0 0 0 0 0 0 0 0 0 0 0 0 0 0 0 0 0 0 0 0 0 0 0 0 0 0 0 2 0 0 0
193 TGG 0 0 0 0 0 0 0 0 0 0 1 0 0 0 0 0 0 0 0 0 0 0 0 0 0 0 4 0 0 0 0 0 0 0 0 0 0 0 0 0 0 0 0 0 0 0 0 0 0 0 6 0 0 0 1 0 3 0 99002 3 0 0 3 0
194 GGT 0 0 0 0 0 0 0 0 0 0 0 4 0 0 0 0 0 0 0 0 0 0 0 0 0 0 0 0 0 0 0 0 0 0 0 5 0 0 0 1 0 1 2 98882 0 0 0 21 0 0 0 0 0 0 0 0 0 0 0 2 0 0 0 0
195 GTT 0 0 0 0 0 0 0 0 0 0 0 0 0 0 0 14 0 0 0 0 0 0 0 0 0 0 0 0 0 0 0 2 0 0 0 1 0 0 0 14 0 0 0 1 2 12 0 99212 0 0 0 0 0 0 0 0 0 0 0 0 0 0 0 2
196 CAT 0 0 0 3 0 0 0 0 0 0 0 0 0 0 0 0 0 7 0 99356 0 0 0 1 0 0 0 4 0 0 0 0 0 0 0 1 0 0 0 0 0 0 0 0 0 0 0 0 0 0 0 3 0 0 0 0 0 0 0 0 0 0 0 0
197 CAC 0 20 0 0 0 0 0 0 0 0 0 0 0 0 0 0 5 99190 1 3 0 0 0 0 0 10 0 0 0 1 0 0 0 0 0 0 0 0 0 0 0 0 0 0 0 0 0 0 0 4 0 0 0 0 0 0 0 0 0 0 0 0 0 0
198 CCG 0 0 0 0 0 0 3 0 0 0 0 0 0 0 0 0 0 0 9 0 20 3 99238 4 0 0 0 0 0 0 4 0 0 0 0 0 0 0 0 0 0 0 0 0 0 0 0 0 0 0 0 0 0 0 7 0 0 0 0 0 0 0 0 0
199 TCT 0 0 0 0 0 0 0 0 0 0 0 0 0 0 0 0 0 0 0 0 0 0 0 8 0 0 0 0 0 0 0 0 0 0 0 0 0 0 0 2 0 0 0 0 0 0 0 0 0 1 0 5 1 10 0 99134 0 0 0 0 0 0 0 23
200 AGC 0 2 0 0 0 2 0 0 10 98994 0 16 0 12 0 0 0 0 0 0 0 0 0 0 0 1 0 0 0 0 0 0 0 0 0 0 0 0 0 0 0 8 0 0 0 0 0 0 0 0 0 0 0 0 0 0 0 1 0 0 0 0 0 0
201 AGT 0 0 0 0 0 0 0 4 0 3 0 98994 0 0 0 2 5 0 0 0 0 0 0 0 0 0 0 1 0 0 0 0 0 0 0 0 0 0 0 0 0 0 0 7 0 0 0 0 0 0 0 0 0 0 0 0 0 0 0 0 0 0 0 0
202 GAT 0 0 0 2 0 0 0 0 0 0 0 0 0 0 0 0 0 0 0 0 0 0 0 0 0 0 0 0 0 0 0 0 0 1 0 99441 0 0 0 3 0 0 0 15 0 0 0 0 0 0 0 3 0 0 0 0 0 0 0 0 0 0 0 0
203 GAG 0 0 1 0 0 0 0 0 0 0 0 0 0 0 0 0 0 0 0 0 0 0 0 0 0 0 0 0 0 0 0 0 12 0 98645 2 0 0 0 0 0 0 13 0 0 0 1 0 0 0 6 0 0 0 0 0 0 0 0 0 0 0 0 0
204 CAA 4 0 0 0 0 0 0 0 0 0 0 0 0 0 0 0 98864 0 3 0 0 0 0 0 0 0 0 0 1 0 0 0 0 0 0 0 0 0 0 0 0 0 0 0 0 0 0 0 6 0 0 0 0 0 0 0 0 0 0 0 0 0 0 0
205 CAG 0 0 3 0 0 0 0 0 0 0 0 0 0 0 0 0 0 0 99146 6 0 0 1 0 0 0 20 0 0 0 0 0 0 0 0 0 0 0 0 0 0 0 0 0 0 0 0 0 0 0 3 1 0 0 0 0 0 0 0 0 0 0 0 0
206 AGT 0 0 0 3 0 12 0 0 0 1 0 98795 0 0 0 1 0 0 0 0 0 0 0 0 0 0 0 0 0 0 0 0 0 0 0 3 0 0 0 0 0 0 0 3 0 0 0 0 0 0 0 0 0 0 1 0 0 0 0 1 0 0 0 0
207 CTC 0 0 0 0 0 0 0 0 0 0 0 0 0 6 0 0 0 1 0 0 0 2 0 0 0 0 0 0 5 99127 28 1 0 0 0 0 0 0 0 0 0 0 0 0 0 1 0 0 0 0 0 0 0 0 0 0 0 0 0 0 0 1 0 0
208 TAT 0 0 0 0 0 0 0 0 0 0 0 0 0 0 0 0 0 0 0 8 0 0 0 0 0 0 0 0 0 0 0 0 0 0 0 1 0 0 0 0 0 0 0 0 0 0 0 0 0 0 1 98978 0 0 0 2 0 0 0 1 0 0 0 0
209 AGT 0 0 0 35 0 0 0 1 0 5 0 98732 0 0 0 5 10 0 0 0 0 0 0 0 0 0 0 1 0 0 0 0 0 0 0 0 0 0 0 0 0 0 0 6 0 0 0 0 0 0 0 22 0 0 0 0 0 0 0 1 0 0 0 0
210 AAT 1 4 5 99087 0 0 0 0 0 0 0 1 0 0 0 1 0 0 0 0 0 0 0 0 0 0 0 0 0 0 0 0 0 0 0 3 0 0 0 4 0 0 0 0 0 0 0 0 0 0 0 0 17 0 0 0 0 0 0 0 0 0 0 0
211 GGA 0 0 0 0 0 0 0 0 1 0 0 0 0 0 0 0 0 0 0 0 0 0 0 0 0 0 1 0 0 0 0 0 46 0 0 0 0 0 0 0 98847 1 6 1 5 0 0 0 0 0 0 7 0 16 0 0 5 0 0 0 0 0 0 0
212 AAT 5 1 1 98883 0 0 0 0 0 0 0 0 0 0 0 0 0 23 0 2 0 0 0 0 0 0 0 0 0 0 0 0 0 0 0 1 0 0 0 0 0 0 0 0 0 0 0 0 0 0 0 1 0 0 0 0 0 0 0 0 0 0 0 0
213 GCT 0 0 0 0 0 0 0 3 0 0 0 0 0 0 0 0 0 0 0 0 0 0 0 0 0 0 0 0 0 0 0 0 0 0 0 8 1 3 1 98079 0 0 0 0 0 0 0 4 0 0 0 0 0 0 0 4 0 0 0 0 0 0 0 0
214 TAT 0 0 0 0 0 0 0 0 0 0 0 0 0 0 0 0 0 0 0 9 0 0 0 0 0 0 0 0 0 0 0 0 0 0 0 0 0 0 0 0 0 0 0 0 43 0 0 0 0 4 1 99306 0 0 0 0 0 0 0 3 0 0 0 0
215 GTC 0 0 0 0 0 0 0 0 0 0 0 0 0 0 0 0 0 0 0 0 0 0 0 0 0 0 0 0 0 0 0 0 0 0 0 0 0 2 0 0 0 0 0 0 5 99279 0 0 0 0 0 0 0 0 0 0 0 0 0 0 0 1 0 0
216 TCT 0 0 0 0 0 0 0 1 1 0 0 0 0 0 0 0 0 29 0 0 0 0 0 6 0 0 0 0 0 0 0 0 0 0 0 0 5 0 0 1 0 0 0 0 0 0 1 11 0 0 0 22 1 9 1 99351 0 0 0 0 0 0 0 4
217 GTA 0 0 0 0 0 0 0 0 0 0 0 0 5 0 0 0 0 0 0 0 0 0 0 0 0 0 0 0 0 0 0 0 0 0 0 0 2 0 0 0 0 0 0 0 98945 0 8 0 0 0 0 0 0 0 0 0 0 0 0 0 3 0 0 0
218 GCG 0 0 0 0 0 3 3 0 0 0 0 0 0 0 0 0 0 0 0 0 0 0 0 0 0 0 0 0 0 0 0 0 0 0 4 0 9 8 98534 7 0 0 0 0 0 0 11 0 0 0 0 0 0 0 5 0 0 0 0 0 0 0 0 0
219 TCT 0 0 0 0 0 0 0 0 0 0 0 0 0 0 0 0 0 0 0 0 0 0 0 0 0 0 0 0 0 0 0 0 0 0 0 0 0 0 0 0 0 0 0 0 0 0 0 0 0 0 0 1 3 9 3 99171 0 0 0 0 0 0 0 1
220 TCA 0 0 0 0 0 16 1 0 0 0 0 0 0 0 0 0 0 0 0 0 61 0 0 0 0 4 0 0 0 0 0 0 0 0 0 0 1 0 0 0 0 0 0 0 0 0 0 0 2 0 0 0 99223 0 2 0 1 0 0 0 15 0 0 0
221 AAT 1 3 0 99082 0 0 0 2 0 0 0 2 0 0 0 1 0 0 4 0 0 0 0 0 0 0 0 0 0 0 16 0 0 0 0 3 0 0 0 0 0 0 0 0 0 0 0 0 0 0 0 0 0 0 0 0 0 0 0 0 0 0 0 0
222 TAT 0 0 0 0 0 0 0 0 0 0 0 0 0 0 0 0 0 0 0 4 0 0 0 0 0 0 0 0 0 0 0 0 0 0 0 0 0 0 0 0 0 0 0 0 0 0 5 0 0 1 0 99253 0 0 0 1 0 0 0 3 0 0 0 0
223 AAC 0 98824 0 2 0 2 0 0 0 2 0 0 0 0 0 0 0 1 0 44 0 0 0 0 0 0 0 0 0 1 0 0 2 11 0 0 0 0 1 0 0 0 0 0 0 0 0 0 2 0 0 35 0 0 0 0 0 0 0 0 0 0 0 0
224 AGG 0 1 33 0 0 0 0 0 1 0 98580 3 0 0 4 0 0 0 1 6 0 0 0 0 0 0 1 4 0 0 0 0 0 0 0 0 0 0 0 0 0 0 19 0 0 0 0 0 0 0 0 0 0 0 0 0 0 0 0 0 0 0 0 0
225 AGA 18 0 0 0 0 0 0 0 96225 1 6 0 6 0 0 0 0 0 0 0 0 0 0 0 0 0 0 10 0 0 0 0 0 0 0 0 0 0 0 0 12 0 0 0 0 0 0 0 0 0 0 0 0 0 0 0 1 0 0 0 0 0 0 0
226 TTC 0 0 0 0 0 0 0 0 0 0 0 0 0 17 0 0 0 0 0 0 0 0 0 0 0 0 0 0 0 6 0 0 0 0 0 0 0 0 0 0 0 0 0 0 0 0 0 0 0 0 0 0 0 2 0 0 0 0 0 0 8 98134 0 8
227 ACC 0 4 0 76 3 98688 0 9 0 0 0 0 9 6 0 0 0 0 0 0 0 0 0 0 0 0 0 0 0 0 0 0 0 0 0 0 0 9 0 0 0 0 0 0 0 0 0 0 0 0 0 0 0 1 0 0 0 0 0 0 0 0 0 0
228 CCG 0 0 0 0 0 0 6 0 0 0 0 0 0 0 0 18 0 0 9 0 26 0 99029 6 0 0 15 0 0 0 5 0 0 0 0 0 0 0 0 0 0 0 0 0 0 0 0 0 0 0 0 0 0 0 3 0 0 0 0 0 0 0 0 0
229 GAA 5 0 0 0 0 0 0 0 0 0 0 0 0 0 0 0 0 22 0 0 0 0 0 0 0 0 0 0 0 0 0 0 95972 0 2 1 1 0 0 0 7 0 0 0 0 0 0 0 3 0 0 0 0 0 0 0 0 0 0 0 1 1 0 0
230 ATA 0 0 0 0 1 0 0 0 0 0 0 0 98909 0 17 1 0 2 0 0 0 0 0 0 0 0 0 0 0 0 0 0 0 0 0 0 0 0 0 0 0 0 0 0 3 0 0 0 0 0 0 0 0 0 0 0 0 0 0 0 0 0 0 0
231 GCT 0 0 0 0 0 0 0 8 0 0 0 0 0 0 0 0 3 0 0 0 0 0 0 0 0 0 0 0 0 109 0 0 0 0 0 8 0 7 0 97574 0 0 0 1 0 0 0 52 0 0 0 0 0 0 0 7 0 0 0 0 0 0 0 0
232 GCA 0 169 0 0 32 0 0 1 0 1 0 0 0 0 1 0 0 0 0 0 0 0 0 1 0 0 1 3 2 0 0 0 2 0 0 0 98312 0 26 3 0 29 4 0 4 0 0 9 0 0 0 0 2 0 0 0 0 0 0 0 53 0 1 0
233 AGG 0 0 2 0 0 0 0 0 23 1 95655 6 0 0 11 0 0 0 0 0 0 0 0 0 0 0 4 0 0 0 0 0 0 0 0 0 0 0 0 0 0 0 22 0 0 0 0 0 0 0 0 0 0 0 0 0 0 0 3 0 0 0 0 0
234 CCC 0 0 0 0 0 5 0 1 0 0 0 0 0 0 0 0 0 0 0 0 2 98750 0 22 0 1 0 0 0 3 0 0 0 0 0 0 0 0 0 0 0 0 0 0 0 0 0 0 0 14 0 0 0 4 0 0 0 0 0 0 0 0 0 0
235 AAA 97162 1 14 1 0 0 0 0 3 0 0 0 0 0 0 0 1 0 9 0 0 0 0 0 0 11 0 0 1 0 14 0 12 0 0 0 0 0 0 0 0 0 0 0 0 0 0 0 1 0 0 0 1 0 0 0 0 0 0 0 0 0 0 0
236 GTA 0 4 0 0 0 0 0 0 1 0 0 1 7 0 0 0 0 0 0 0 0 0 0 0 0 0 0 0 1 0 0 0 0 0 0 0 1 0 0 20 0 0 0 0 98618 55 1 0 7 0 0 0 0 0 0 110 0 0 0 0 31 0 0 0
237 AGA 4 0 1 0 0 0 0 0 97635 0 12 0 5 0 0 0 0 0 0 0 0 0 0 0 2 0 0 0 0 0 0 0 0 0 7 0 0 0 0 0 4 0 0 0 0 0 0 0 0 0 0 1 0 0 0 0 1 0 0 0 0 0 0 0
238 GAT 0 0 0 5 0 0 0 0 2 0 0 0 0 7 0 0 0 0 0 0 0 0 0 0 0 0 0 0 0 0 0 0 0 2 0 96848 0 0 0 0 0 0 0 3 0 0 0 0 0 0 0 6 0 0 0 0 0 0 0 0 0 0 0 0
239 CAA 3 0 0 0 0 0 0 0 0 0 0 0 0 0 0 0 97838 0 20 1 0 0 0 0 10 0 0 0 0 0 0 0 0 0 0 0 0 0 0 0 0 0 0 0 0 0 0 0 2 0 0 0 2 0 0 0 0 0 0 0 0 0 0 0
240 CAT 0 0 0 9 0 0 0 0 0 0 0 0 0 0 0 0 0 2 1 95377 6 0 0 0 0 0 0 1 0 0 0 0 0 0 0 4 0 0 0 0 0 0 0 0 0 0 0 0 0 0 0 1 0 0 0 0 0 0 0 0 0 0 0 0
241 GGG 0 0 0 0 0 0 0 0 0 0 5 0 0 0 0 0 0 0 0 0 0 0 0 0 0 0 0 0 0 0 0 0 0 0 4 0 0 0 1 0 3 0 92512 5 0 0 2 0 0 0 0 0 0 0 0 0 0 0 5 0 0 0 0 0
242 AGG 0 0 10 0 0 0 0 0 3 0 89944 5 0 0 2 0 0 0 0 0 0 0 0 0 0 0 0 0 0 0 0 0 0 0 0 0 0 0 0 0 0 0 12 0 0 0 0 0 0 0 0 0 0 0 0 0 0 0 1 0 0 0 0 0
243 ATG 0 0 3 0 0 0 1 0 0 0 0 0 6 0 93420 7 0 0 0 0 0 0 0 0 0 0 0 0 0 0 0 0 0 0 0 0 0 0 0 0 0 0 0 0 0 0 21 0 0 0 0 0 0 0 0 0 0 0 0 0 0 0 0 0
244 AAC 5 94440 0 1 0 0 0 0 0 1 0 0 0 0 0 0 0 0 0 0 0 0 0 0 0 0 0 0 0 0 0 0 0 5 0 3 0 22 0 0 0 0 0 0 0 0 0 0 0 0 0 0 0 0 0 0 0 0 0 0 0 0 0 0
245 TAT 0 0 0 0 0 0 0 0 0 0 0 0 0 0 0 0 0 0 0 4 0 0 0 0 0 0 0 0 0 0 0 0 0 0 0 0 0 0 0 0 0 0 0 0 0 0 0 0 1 0 0 96157 0 0 0 1 0 0 0 9 0 0 0 0
246 TAC 0 0 0 0 0 0 0 0 0 0 0 0 0 0 0 0 0 2 0 5 0 0 0 0 0 0 0 0 0 0 0 0 0 0 0 0 0 0 0 0 0 0 0 0 0 0 0 0 1 98353 0 8 1 0 0 0 0 8 0 0 0 1 0 0
247 TGG 0 0 0 0 1 0 0 0 0 0 2 0 0 0 0 0 0 0 0 0 0 0 0 0 0 0 6 0 0 0 0 0 0 0 0 0 0 0 0 0 0 0 1 0 0 0 0 0 0 0 2 0 0 0 0 0 1 1 98671 2 0 0 6 0
248 ACC 0 0 0 0 2 95070 0 6 0 0 0 0 0 2 0 0 0 0 0 10 0 0 0 0 0 0 0 0 13 0 0 0 0 0 0 0 0 49 0 0 0 0 0 0 0 0 0 0 0 0 0 0 0 7 0 1 0 0 1 0 0 0 0 0
249 TTG 0 0 0 0 0 0 0 0 0 0 0 0 1 0 2 0 0 0 0 0 0 0 0 0 0 0 0 0 0 21 3 8 0 0 0 0 0 0 0 0 0 0 0 0 0 0 0 32 0 0 0 0 0 0 16 0 0 0 0 0 8 2 95931 9
250 CTA 0 0 0 0 0 0 0 0 0 0 0 0 840 0 0 0 0 0 0 0 4 0 0 0 0 0 0 0 96972 8 6 1 0 0 0 1 0 0 0 0 0 0 0 0 0 2 0 0 0 0 0 0 0 0 0 0 0 0 0 0 16 0 0 0
251 GAA 3 0 0 0 0 0 0 0 55 11 0 0 0 0 0 0 0 0 0 0 0 0 5 0 0 0 0 0 0 0 0 0 98151 2 1 1 0 0 0 0 54 0 0 0 0 0 0 0 4 0 0 0 0 0 0 0 0 0 0 0 64 0 0 0
252 CCC 0 0 0 0 0 0 0 0 0 0 0 0 0 0 0 0 0 3 0 0 3 98406 1 1 0 0 0 0 0 0 0 0 0 0 0 0 0 0 0 0 0 0 0 0 0 0 0 0 0 0 0 0 0 7 0 0 0 0 0 0 0 0 0 0
253 GGA 0 0 0 0 3 0 0 0 42 0 0 0 0 0 0 0 0 0 0 0 0 0 0 0 0 0 0 0 0 0 0 0 4 0 0 0 0 0 0 0 98072 0 15 1 6 0 0 0 0 0 0 0 0 0 0 0 5 0 0 0 0 0 0 0
254 GAC 0 4 0 0 0 0 0 0 0 0 0 0 0 0 0 0 0 85 0 0 0 0 0 0 0 0 0 0 0 0 0 0 43 97783 0 6 0 0 0 0 0 2 0 0 0 1 0 0 0 3 0 0 0 9 0 0 0 0 0 0 0 0 0 0
255 ACA 4 41 0 0 97500 0 8 0 0 0 0 2 6 0 0 0 0 0 0 0 0 0 0 0 0 0 0 0 0 0 0 0 0 0 0 0 7 0 0 0 0 0 0 0 0 0 0 0 0 0 0 0 0 0 0 0 0 28 0 0 0 0 0 0
256 ATA 1 0 0 0 1 0 0 0 0 0 0 0 98735 0 1 4 0 0 0 0 0 0 0 0 0 0 0 0 0 0 0 0 0 0 0 0 0 0 0 0 0 0 0 0 1 0 0 0 0 0 0 0 0 0 0 0 0 0 0 0 0 0 0 0
257 ATA 1 0 0 0 21 0 0 0 0 0 0 0 98410 0 5 0 0 0 0 0 0 0 0 0 0 0 0 0 2 0 0 0 0 0 0 0 0 0 0 0 0 0 0 0 45 0 0 0 0 0 0 0 0 0 0 0 0 0 0 0 3 0 0 0
258 TTT 0 0 0 0 0 0 0 0 0 0 0 0 0 0 0 2 0 0 0 0 0 0 0 0 0 0 0 0 0 0 0 1 0 0 0 0 0 0 0 0 0 0 0 0 0 0 0 0 0 0 0 0 0 0 0 2 0 0 0 0 0 4 0 98314
259 GAG 0 0 0 0 0 0 0 0 0 0 0 0 0 0 0 0 0 0 0 0 0 0 0 0 0 0 0 17 0 0 0 0 2 0 99041 5 0 0 1 0 0 0 17 0 0 0 2 0 0 0 0 0 0 0 0 0 0 0 0 0 0 0 0 0
260 GCA 0 0 0 0 2 0 0 0 0 0 0 0 0 0 0 0 0 0 0 0 0 0 0 0 0 0 0 0 0 0 0 0 11 0 0 0 97547 4 26 0 0 0 0 0 9 0 0 1 0 0 0 0 3 0 0 0 0 0 0 0 0 0 0 0
261 ACT 0 0 0 1 2 7 2 98770 0 0 0 0 0 0 0 3 0 0 0 0 0 0 0 0 0 0 0 0 0 0 0 0 0 0 0 0 0 0 0 2 0 0 0 0 0 0 0 0 0 0 0 0 0 6 0 12 0 0 0 0 0 0 0 0
262 GGT 0 0 0 0 0 0 0 0 0 0 0 3 0 0 0 0 0 0 0 0 0 0 0 0 0 0 0 0 0 0 0 0 0 0 0 6 0 0 0 0 1 6 368 98444 0 0 0 4 0 0 0 0 0 0 0 0 0 0 0 6 0 0 0 0
263 AAT 5 3 0 98889 0 0 0 0 0 0 0 1 0 0 0 1 0 0 0 0 0 0 0 0 0 0 0 0 0 0 0 0 0 0 0 6 0 0 0 0 0 0 0 0 0 0 0 0 0 0 0 0 0 0 0 0 0 0 0 0 0 0 0 0
264 CTA 0 0 0 0 0 0 0 0 0 0 0 0 213 1 0 0 0 0 0 0 8 0 0 0 0 0 0 0 98840 0 1 0 0 0 0 0 0 0 0 0 0 0 0 0 1 0 0 0 0 0 0 0 0 0 0 0 0 0 0 0 3 0 0 0
265 ATA 0 0 0 0 5 0 0 0 0 0 0 0 97656 0 12 0 0 0 0 0 0 0 0 0 0 0 0 0 0 0 0 0 0 0 0 0 0 0 0 0 0 0 0 0 2 0 0 0 0 0 0 0 0 0 0 0 0 0 0 0 0 0 0 0
266 GCA 0 0 0 0 9 0 0 0 0 0 0 0 0 0 0 0 0 0 0 0 0 0 0 0 0 0 0 0 0 0 0 0 9 0 0 0 98533 0 1 1 0 0 0 0 3 0 0 0 0 0 0 0 8 0 0 0 0 0 0 0 0 0 0 0
267 CCA 0 0 0 0 4 0 0 0 0 0 0 0 0 0 0 0 2 0 0 0 98044 4 2 0 1 0 0 0 2 0 0 0 0 0 0 0 0 0 0 0 0 0 0 0 0 0 0 0 0 0 0 0 3 0 0 0 0 0 0 0 0 0 0 0
268 TGG 0 0 0 0 0 0 0 0 0 0 0 0 0 0 0 0 0 0 0 88 0 0 0 0 0 0 2 0 0 0 0 0 0 0 0 0 0 0 0 0 0 0 0 0 0 0 0 0 0 0 7 0 0 0 0 0 3 0 98432 4 0 0 8 0
269 TAT 0 0 0 0 0 0 0 0 0 0 0 0 0 0 0 0 0 0 0 8 0 0 0 0 0 0 0 0 0 0 0 0 0 0 0 0 0 0 0 0 0 0 0 0 0 0 0 0 0 3 2 98849 0 0 0 1 0 0 0 3 0 0 0 0
270 GCT 0 0 0 0 0 0 0 74 0 0 0 0 0 0 0 0 0 0 0 0 0 0 0 0 0 0 0 0 0 0 0 0 0 0 0 3 3 13 1 98373 0 0 0 0 0 0 0 6 0 0 0 0 0 0 0 8 0 0 0 0 0 0 0 0
271 TTC 0 0 0 0 0 0 0 0 0 0 0 0 0 0 0 0 0 0 0 0 0 0 0 0 0 0 0 0 0 2 0 0 0 0 0 0 0 0 0 0 0 0 0 0 0 1 0 0 0 0 0 0 0 8 0 0 0 0 0 0 5 98580 1 9
272 GCA 0 0 0 0 14 0 0 0 0 0 0 0 0 0 0 0 0 0 0 0 0 0 0 0 0 0 0 0 0 0 0 0 8 0 1 0 99236 0 4 7 0 0 0 0 8 0 0 0 0 0 0 0 4 0 0 1 0 0 0 0 0 0 0 0
273 CTG 0 0 0 0 0 0 0 0 0 0 0 0 0 0 3 0 0 0 0 0 0 0 28 0 0 0 4 0 28 0 98923 4 0 0 0 0 0 0 0 0 0 0 0 0 36 0 0 1 0 0 0 0 0 0 0 0 0 0 0 0 0 0 2 0
274 AGT 0 0 0 2 0 0 0 0 0 1 0 99253 0 0 0 0 5 0 0 0 0 0 0 0 0 0 0 0 0 0 0 0 0 0 0 0 0 0 0 0 0 0 0 6 0 0 0 1 0 0 0 0 0 0 0 18 0 0 0 2 0 0 0 0
275 AGA 2 0 0 0 1 0 0 0 99020 0 9 1 4 0 0 0 0 0 0 0 161 0 0 0 1 0 0 0 0 0 0 0 0 0 0 0 0 0 0 0 7 0 0 0 0 0 0 0 0 0 0 0 0 0 0 0 0 0 0 0 0 0 0 0
276 GGG 0 3 0 85 0 0 0 0 0 0 4 0 0 0 0 0 116 0 0 0 0 0 0 0 0 0 1 0 0 0 0 0 0 0 2 0 4 0 0 0 3 0 98985 8 0 0 4 0 0 0 0 0 0 0 0 51 0 0 12 0 0 0 0 0
277 TTT 0 0 0 8 0 0 0 0 1 0 0 0 1 0 0 0 0 1 0 0 10 14 0 0 0 0 0 0 0 0 0 7 0 0 0 0 0 0 0 22 0 0 0 0 0 0 0 3 0 0 0 6 0 0 0 3 0 0 0 0 0 13 0 99104
278 GAG 0 1 2 0 0 0 0 0 0 0 0 0 0 0 0 0 0 0 1 0 0 0 0 0 0 0 0 0 0 2 0 0 34 0 99004 13 0 5 1 0 0 0 33 0 0 0 2 0 0 9 2 0 0 0 0 0 0 0 0 0 0 0 0 0
279 TCC 0 1 0 0 0 0 0 0 0 0 0 0 0 0 0 0 0 0 0 0 0 17 0 0 0 0 0 0 0 0 0 0 0 0 0 0 0 0 0 0 0 0 0 0 0 0 0 0 0 5 0 0 12 99173 5 15 0 0 0 0 0 5 0 0
280 GGC 0 0 0 0 0 0 0 0 0 17 0 0 0 0 0 0 0 0 0 0 0 0 0 0 0 0 0 0 0 0 0 0 0 11 0 0 0 0 0 0 8 98912 0 14 0 9 0 0 0 0 0 0 0 0 0 0 0 70 0 0 0 0 0 0
281 ATC 0 0 0 0 0 7 0 0 0 0 0 0 2 98986 0 5 0 0 0 0 0 0 0 0 0 0 0 0 0 0 4 0 0 0 0 0 0 0 0 0 0 0 0 0 15 7 0 0 0 0 0 0 0 0 0 0 0 0 0 0 0 1 6 0
282 ATC 0 0 0 0 0 6 0 0 0 0 0 0 8 98797 0 2 0 0 0 0 0 0 0 0 0 0 0 0 0 2 0 0 0 0 0 0 0 0 0 0 0 0 0 0 0 3 0 0 0 0 0 0 0 0 0 0 0 0 0 0 0 1 0 0
283 ACC 0 25 0 0 3 98830 580 6 2 0 0 0 0 4 0 0 0 0 0 0 0 2 0 0 0 0 0 0 1 0 0 3 0 0 0 0 1 0 1 0 0 0 0 0 0 0 0 0 0 0 0 0 0 3 0 0 0 0 0 0 0 0 0 0
284 TCA 0 0 0 0 14 0 1 0 0 0 0 0 0 0 0 0 0 0 0 0 20 0 0 0 0 0 0 0 0 0 0 0 0 0 0 0 0 0 0 0 0 0 0 0 0 0 0 0 3 0 0 0 98795 0 26 6 0 0 0 0 2 0 0 0
285 AAC 6 96096 0 13 0 0 1 0 3 3 0 0 138 1 0 0 0 1 0 0 0 0 0 0 1 0 0 0 0 0 0 0 0 6 0 8 0 0 0 0 0 0 0 0 0 0 0 0 0 0 0 0 4 0 0 0 0 0 0 0 0 0 0 0
286 GCG 0 0 0 0 0 0 7 0 0 0 0 0 0 0 0 0 0 0 0 0 0 0 0 0 0 0 0 0 0 0 0 0 0 0 1 0 14 0 113318 5 0 0 0 0 0 0 7 0 0 0 0 0 0 0 5 0 0 0 0 0 0 0 15 0
287 TCA 0 0 1 0 1 0 0 1 0 0 0 0 0 6 0 2 0 0 0 0 8 0 0 0 0 0 0 0 0 0 0 0 0 0 0 0 1 0 0 0 0 0 0 0 0 0 0 0 3 0 0 0 113349 0 2 0 0 0 0 0 8 0 0 0
288 ATG 0 0 2 0 9 0 3 0 0 0 0 0 14 0 112196 8 0 0 0 0 0 0 0 0 0 0 0 0 0 0 3 0 0 0 0 0 0 0 0 0 0 0 0 0 0 0 6 0 0 0 0 0 0 0 0 0 0 0 0 0 0 0 972 0
289 CAT 0 0 0 5 0 0 0 1 0 6 0 0 0 0 0 0 0 6 2 113125 0 0 0 1 0 0 0 6 0 0 0 96 0 0 0 0 20 0 0 0 0 0 0 0 0 0 0 0 0 0 0 61 0 55 0 0 0 0 0 0 0 0 0 0
290 GAG 0 0 2 0 0 0 0 0 0 0 0 0 0 0 0 0 0 0 0 0 0 0 0 0 0 0 0 0 0 0 0 0 6 0 113293 4 0 0 0 0 0 0 12 0 0 0 0 0 0 0 30 0 0 0 0 0 0 0 0 0 0 0 0 0
291 TGT 0 0 0 0 0 0 0 0 0 0 0 2 0 0 0 0 0 0 0 0 0 0 0 0 0 0 0 4 0 0 0 0 0 0 0 0 0 0 0 0 0 0 0 0 0 0 0 0 0 0 0 14 0 0 0 2 0 27 0 113217 0 0 0 2
292 AAC 8 113116 0 3 0 3 0 0 0 17 0 0 0 1 0 0 0 1 0 0 0 0 0 0 0 0 0 0 0 0 0 0 0 25 0 0 0 0 0 0 0 0 0 0 0 0 0 0 0 1 0 0 0 0 0 0 0 0 0 0 0 0 0 0
293 ACG 0 0 1 0 9 1 113282 37 0 0 0 0 0 0 8 0 0 0 0 0 0 0 0 0 0 0 0 0 0 0 0 0 0 0 0 0 0 0 3 0 0 0 0 0 0 0 0 0 0 0 0 0 0 0 0 0 0 0 0 0 0 0 0 0
294 AAG 1 403 112554 100 0 0 1 0 0 0 34 0 0 0 2 0 0 0 2 0 0 0 0 0 0 0 0 0 19 87 11 0 14 0 12 0 0 0 0 0 0 0 0 0 0 0 0 0 0 0 0 0 0 0 0 0 0 0 0 0 0 0 0 0
295 TGT 0 0 0 0 0 0 0 0 0 0 0 0 0 0 0 0 0 0 0 0 0 0 0 0 0 0 0 3 0 0 0 0 0 0 0 0 0 0 0 0 0 0 0 0 0 0 0 0 0 0 0 9 0 0 0 0 0 13 0 113434 0 0 0 4
296 CAA 5 0 0 0 0 0 0 0 0 0 0 0 0 0 0 0 113134 0 5 0 0 0 0 0 32 0 0 0 1 0 0 0 0 0 0 0 0 0 0 0 0 0 0 0 0 0 0 0 6 0 0 0 0 0 0 0 0 0 0 0 0 0 0 0
297 ACA 2 0 0 0 113219 7 1 29 0 0 0 0 7 0 0 0 0 0 0 0 1 0 0 0 0 0 0 0 0 0 0 0 0 0 0 0 10 0 0 0 0 0 0 0 0 0 0 0 0 0 0 0 0 0 5 0 0 0 0 0 0 0 0 0
298 CCC 0 0 0 0 0 2 0 0 0 0 0 0 0 0 0 0 0 7 0 0 7 112877 0 2 0 0 0 0 0 3 0 0 0 0 0 0 0 1 0 0 0 0 0 0 0 0 0 0 0 0 0 0 0 4 0 0 0 0 0 0 0 0 0 0
299 CAG 0 0 2 0 0 0 0 0 0 0 0 0 0 0 0 0 135 8 113235 50 0 0 0 0 0 0 31 0 0 0 3 0 0 0 0 0 0 0 0 0 0 0 0 0 0 0 0 0 0 0 2 0 0 0 0 0 0 0 0 0 0 0 0 0
300 GGA 0 0 0 0 0 0 0 0 4 0 0 0 0 0 0 0 0 0 0 0 0 0 0 0 1 0 0 0 0 0 0 0 1 0 0 0 1 0 0 0 112513 3 7 1 2 0 0 0 0 0 0 0 0 0 0 0 9 0 0 0 0 0 0 0
301 GCT 0 0 0 0 0 0 0 10 0 0 0 33 0 0 0 0 0 0 0 0 0 0 0 0 0 0 0 0 0 0 0 0 0 0 0 10 1 9 0 112537 0 0 0 1 0 0 0 14 0 0 0 0 0 0 0 7 0 0 0 0 0 0 0 0
302 ATA 0 0 0 0 4 0 0 0 0 0 0 0 113293 0 2 0 0 0 0 0 0 0 0 0 0 0 0 0 0 0 0 0 0 0 0 0 0 0 0 0 0 0 0 0 2 0 0 0 0 0 0 0 0 0 0 0 0 0 0 0 0 0 0 0
303 AAC 2 112663 0 3 0 0 0 0 0 11 0 0 0 0 0 0 0 16 0 0 0 0 0 0 0 0 0 0 0 0 0 0 0 1 0 0 0 0 0 0 0 0 0 0 0 0 0 0 0 2 0 0 0 0 0 12 0 0 0 0 0 0 0 0
304 AGC 0 22 0 0 0 0 0 0 8 112942 1 79 0 11 0 0 0 0 0 0 0 0 0 0 0 0 0 0 0 0 0 0 0 0 0 0 0 0 0 0 0 2 0 0 0 0 0 0 0 0 0 0 0 0 0 0 0 0 0 0 0 0 0 0
305 AAT 0 3 0 113286 0 0 0 0 0 0 0 19 0 0 0 2 0 0 0 0 0 0 0 0 0 0 0 0 0 0 0 0 0 0 0 0 0 0 0 0 0 0 0 0 0 0 0 0 0 0 0 0 0 0 0 0 0 0 0 0 0 0 0 0
306 CTC 0 0 0 0 0 0 0 0 0 0 256 0 0 7 0 0 0 2 0 0 0 13 0 0 0 0 0 0 4 112669 0 0 0 0 0 0 0 0 0 0 0 0 0 0 0 0 0 0 0 0 0 0 0 0 0 0 0 0 0 0 0 4 0 0
307 CCT 0 0 0 0 0 0 0 1 0 0 0 0 0 0 0 0 0 0 0 8 2 7 2 113369 0 0 0 0 0 0 0 4 0 0 0 0 0 0 0 0 0 0 0 0 0 0 0 0 0 0 0 0 0 0 0 5 0 0 0 0 0 0 0 0
308 TTC 0 0 0 0 0 0 0 0 0 0 0 0 0 0 0 0 0 0 0 0 0 0 0 0 0 0 0 0 0 32 0 0 0 0 0 0 0 0 0 0 0 0 0 0 0 0 0 0 0 1 0 0 0 10 0 0 0 0 0 0 5 113328 0 14
309 CAG 0 0 5 0 0 0 0 0 0 0 0 0 0 0 0 0 2 0 112699 6 0 0 0 0 0 0 24 0 0 0 0 0 0 0 0 0 0 0 0 0 0 0 0 0 0 0 0 0 0 0 3 0 0 0 0 0 0 0 0 0 0 0 0 0
310 AAT 3 8 0 113263 0 0 0 0 0 0 0 2 0 0 0 0 0 0 0 0 0 0 0 0 0 0 0 0 0 0 0 0 0 0 0 7 0 0 0 0 0 0 0 0 0 0 0 0 0 0 0 0 0 0 0 0 0 0 0 0 0 0 0 0
311 ATA 0 0 0 0 5 0 0 0 0 0 0 0 113304 0 5 0 0 0 0 0 0 0 0 0 0 0 0 0 0 0 0 0 0 0 0 0 0 0 0 0 0 0 0 0 2 0 0 0 0 0 0 0 0 0 0 0 0 0 0 0 0 0 0 0
312 CAC 0 2 0 0 0 0 0 0 0 0 0 0 0 0 0 0 6 112519 2 7 0 1 0 0 0 4 0 0 0 1 0 0 0 0 0 51 0 655 0 0 0 0 0 0 0 0 0 0 0 14 0 0 0 3 0 0 0 0 0 0 0 0 0 0
313 CCA 0 0 0 0 7 0 0 0 0 0 0 0 0 0 0 0 5 0 0 0 112813 0 3 5 0 0 0 0 4 0 0 0 0 0 0 0 0 250 0 0 0 0 0 0 0 0 0 0 0 0 0 0 10 0 0 0 0 0 0 0 0 0 0 0
314 GTC 0 0 0 0 0 0 0 0 0 0 0 0 0 28 0 0 0 0 0 0 0 0 0 0 0 0 0 0 0 10 0 0 0 1 0 0 0 7 0 0 0 0 0 0 5 112684 0 4 0 2 0 0 0 0 0 0 0 0 0 0 0 16 12 6
315 ACA 3 0 0 0 112770 1 11 1 0 0 0 0 2 0 0 0 0 1 0 0 0 0 0 0 0 0 32 0 0 0 0 0 0 0 0 0 1 0 0 0 0 0 0 0 0 0 0 27 0 0 0 0 1 0 0 0 0 0 0 0 0 0 0 0
316 ATA 2 0 0 0 1 0 0 0 0 0 0 0 112865 0 12 0 0 0 0 0 0 0 0 0 0 0 0 0 0 0 0 0 0 0 0 0 0 0 0 0 0 0 0 0 1 0 0 1 0 0 0 0 0 0 0 0 0 0 0 0 0 0 0 0
317 GGA 0 0 0 0 0 0 0 0 1 0 0 0 0 0 0 0 0 0 0 0 0 0 0 0 0 0 0 0 0 0 0 0 2 0 0 0 1 0 0 0 112876 0 198 1 3 0 0 0 0 0 0 0 0 0 0 0 6 0 0 0 0 0 0 0
318 GAG 0 0 4 1 0 0 0 0 0 0 0 0 0 0 0 10 0 0 0 0 0 0 0 0 0 15 0 0 0 0 0 0 7 0 111069 5 0 0 1 0 0 0 9 0 0 0 3 0 0 0 7 0 0 0 0 0 0 0 0 0 0 0 0 0
319 TGC 0 0 0 0 0 0 0 0 0 1 0 0 0 0 0 0 0 0 0 0 0 0 0 0 0 3 0 0 0 0 0 0 0 0 0 0 0 0 0 0 0 3 0 0 0 0 0 0 0 26 0 0 0 3 0 0 5 111664 0 31 0 9 0 0
320 CCA 0 0 0 0 3 0 0 0 0 0 0 0 0 0 0 0 3 0 0 0 112905 4 3 0 1 0 0 0 2 0 0 0 0 0 0 0 0 0 0 0 0 0 0 0 0 0 0 0 0 0 0 0 2 0 0 0 0 0 0 0 0 0 0 0
321 AAA 112918 0 4 0 3 0 0 0 20 0 1 0 0 79 0 0 1 0 0 0 0 0 0 0 0 0 0 0 0 0 0 0 0 0 0 0 0 0 0 0 0 0 0 0 0 0 0 0 0 0 0 0 0 0 1 0 0 0 0 0 0 0 0 0
322 TAT 0 0 0 8 0 0 0 0 0 0 0 0 0 0 0 0 0 0 0 5 0 0 0 0 0 0 0 0 0 0 0 0 0 0 0 2 0 0 0 0 0 0 0 0 0 0 0 0 2 1 1 112969 0 0 0 0 0 0 0 2 0 0 0 0
323 GTC 0 0 0 0 0 0 0 0 0 0 0 0 0 27 0 0 0 0 0 0 0 0 0 0 0 0 0 0 0 1 0 0 0 8 0 0 0 4 0 0 0 0 0 0 3 110305 7 12 0 0 0 0 0 0 0 0 0 0 0 0 0 3 0 0
324 AGG 13 0 16 0 0 0 0 0 0 2 110384 4 0 0 10 0 0 0 0 0 0 0 0 0 0 133 1 0 0 0 0 0 0 0 0 0 0 0 0 0 0 0 22 0 0 0 0 0 0 0 0 0 0 0 0 0 0 0 0 0 0 0 0 0
325 AGT 0 0 0 11 0 0 0 0 0 4 0 110950 0 0 0 3 0 0 0 0 0 0 0 0 0 0 0 0 0 0 0 0 0 0 0 0 0 0 0 0 0 0 0 8 0 0 0 0 0 0 0 0 0 0 0 14 0 0 0 0 0 0 0 0
326 ACC 0 1 0 0 3 111921 0 2 0 0 0 0 0 8 0 0 0 0 0 0 0 0 0 0 0 0 0 0 0 0 0 0 0 0 0 0 6 10 0 0 0 0 0 0 0 0 0 0 0 0 0 0 5 0 0 0 0 0 0 0 0 0 0 0
327 AAA 110924 1 1 1 0 0 0 0 3 0 0 0 1 0 0 0 0 0 0 0 0 0 0 0 0 0 0 0 0 0 0 0 5 0 0 0 0 0 0 0 0 0 0 0 0 0 0 0 0 0 0 0 0 0 0 0 0 0 0 0 0 0 0 0
328 TTG 0 0 0 0 0 0 0 0 0 0 0 0 0 0 3 0 0 0 0 0 0 0 0 0 0 0 0 0 0 0 1 0 0 0 0 0 0 0 0 0 0 0 0 0 0 0 0 0 40 0 0 0 0 0 12 0 0 0 0 0 8 0 110796 5
329 AGG 0 0 11 0 0 0 0 0 4 0 111129 5 0 0 20 0 0 0 0 0 0 0 0 0 0 0 1 0 0 0 0 0 0 0 0 0 0 0 0 0 0 0 29 0 0 0 0 0 0 0 0 0 0 0 0 0 0 0 0 0 0 0 0 0
330 ATG 0 0 0 0 0 0 4 0 0 0 0 0 6 0 107777 5 0 0 0 0 0 0 0 0 0 0 0 0 0 0 0 0 0 0 0 0 0 0 0 0 0 0 0 0 0 0 7 0 0 0 0 0 0 0 0 0 0 0 0 0 0 0 0 0
331 GTT 0 0 0 0 0 0 0 0 0 0 0 0 0 0 0 11 0 0 0 0 0 0 0 0 0 0 0 0 0 0 0 1 0 0 0 0 0 0 0 2 0 0 0 1 0 49 0 110119 0 0 0 0 0 0 0 0 0 0 0 0 0 0 0 10
332 ACA 2 0 0 0 110747 6 35 2 0 0 0 0 18 0 0 0 0 0 0 0 0 0 0 0 0 0 0 0 0 0 0 0 0 0 0 0 2 0 0 0 0 0 0 0 0 0 0 0 0 0 0 0 0 0 0 0 0 0 0 0 0 0 0 0
333 GGA 0 0 0 0 0 0 0 0 2 0 0 0 0 0 0 0 0 0 0 0 0 0 0 0 0 0 0 0 0 0 0 0 16 1 0 0 0 0 0 0 109544 1 5 0 5 0 0 0 0 0 0 0 0 0 0 0 7 16 0 0 0 0 0 0
334 CTA 0 0 0 0 0 0 0 0 0 0 0 0 9 0 0 0 0 0 0 0 6 0 0 0 0 0 0 0 111388 0 57 0 0 0 0 0 0 0 0 0 0 0 0 0 0 0 0 0 1 0 0 0 0 0 0 0 0 0 0 0 5 0 0 0
335 AGA 9 0 0 0 0 0 0 0 112036 0 5 0 2 0 0 0 0 0 0 0 0 0 0 0 3 0 0 0 0 0 0 0 1 0 0 0 0 0 0 0 5 0 0 0 0 0 0 0 0 0 0 0 0 0 0 0 0 0 0 0 0 0 0 0
336 AAC 2 103565 0 8 0 1 0 0 0 5 0 0 0 1 0 0 0 0 0 0 0 0 0 0 0 0 0 0 0 0 0 0 0 1 0 0 0 0 0 0 0 0 0 0 0 0 0 0 0 0 0 0 0 0 0 0 0 0 0 0 0 0 0 0
337 ATC 2 55 0 0 0 5 0 0 0 0 0 32 4 107334 0 3 1 0 0 0 0 0 0 0 0 0 0 4 0 1 0 0 0 0 0 9 0 0 0 0 0 0 0 0 0 3 0 0 0 0 0 0 0 10 0 0 0 0 0 0 0 0 0 0
338 CCA 0 0 0 0 9 0 0 0 0 0 0 0 0 0 0 0 4 0 0 0 101268 26 1 0 0 0 2 0 5 0 0 0 0 0 0 0 0 0 0 0 0 0 0 0 0 0 0 0 0 0 0 0 2 0 0 0 0 0 0 0 0 0 0 0
339 TCC 0 0 0 0 0 3 0 0 1 0 0 0 0 0 0 0 2 1 0 0 0 5 0 1 0 0 0 0 0 0 0 0 0 0 0 0 0 1 0 0 0 0 0 0 0 0 0 430 0 6 0 0 68 101853 0 3 0 1 0 0 0 13 0 0
340 ATT 0 0 0 1 0 0 0 2 0 0 0 0 0 1 0 104925 0 0 0 0 0 0 0 0 0 0 0 0 0 0 0 1 0 0 0 0 0 0 0 0 0 0 0 0 0 0 0 3 0 0 0 0 0 0 0 0 0 0 0 0 0 0 0 0
341 CAA 6 0 0 0 0 0 0 0 0 0 0 0 0 0 0 0 106837 1 1 0 0 0 0 0 8 0 0 0 0 0 0 0 0 0 0 0 0 0 0 0 0 0 0 0 0 0 0 0 5 0 0 0 0 0 0 0 0 0 0 0 0 0 0 0
342 TAC 0 0 1 0 0 0 0 0 0 0 0 0 0 0 0 0 0 4 0 0 0 0 0 0 0 0 0 0 0 0 0 0 0 0 0 0 0 0 0 0 0 0 0 0 0 0 0 0 3 101565 1 5 0 0 0 0 0 2 0 0 0 0 0 0
343 AGA 6 0 0 0 4 0 0 0 111297 0 29 2 11 0 0 0 0 0 2 0 0 0 0 0 2 7 0 0 0 0 0 0 0 0 0 0 0 0 0 0 12 0 0 0 0 0 0 0 0 0 0 0 0 0 0 0 7 0 0 0 0 0 0 0
344 GGT 0 0 0 0 0 0 0 0 0 0 2 4 0 0 0 0 0 0 0 0 0 0 0 0 0 0 0 1 0 0 0 0 0 0 0 2 0 0 0 1 0 6 0 109558 0 0 0 8 0 0 0 0 0 0 0 0 0 0 0 4 0 0 0 0
345 CTA 0 0 0 0 0 0 0 0 0 0 0 0 5 0 0 0 0 0 0 0 7 0 0 0 0 0 0 0 106024 0 5 0 0 0 0 0 0 0 0 0 0 0 0 0 0 0 0 0 0 0 0 0 0 0 0 1 0 0 0 0 1 0 0 0
346 TTT 0 0 0 0 0 0 0 0 0 0 0 0 0 0 0 2 0 0 0 0 0 0 0 0 0 0 0 0 0 0 0 1 0 0 0 0 0 0 0 0 0 0 0 0 0 0 0 1 0 0 0 1 0 0 0 0 0 0 0 2 0 3 0 110957
347 GGA 0 0 0 0 0 0 0 0 1 0 0 0 0 0 0 0 0 0 0 0 0 0 0 0 0 0 0 0 0 0 731 0 3 0 0 0 0 0 0 0 111129 0 147 1 5 0 0 0 0 0 0 0 0 0 0 0 3 0 0 0 0 0 0 0
348 GCC 0 0 0 0 0 0 0 0 0 0 0 0 0 0 0 0 0 0 0 0 0 0 0 0 0 0 0 0 0 0 0 0 0 7 0 0 2 104649 0 14 0 0 0 0 0 27 0 0 0 0 0 0 0 8 0 0 0 0 0 0 0 0 0 0
349 ATT 0 0 0 1 0 0 0 5 0 0 0 1 0 6 1 112403 0 0 0 0 0 0 0 0 0 0 0 0 0 0 0 0 0 0 0 0 0 0 0 0 0 0 0 0 0 0 0 0 0 0 0 0 0 0 0 0 0 0 0 0 0 0 0 0
350 GCT 0 0 0 0 0 0 0 26 0 0 0 0 0 0 0 0 0 0 0 0 0 0 0 1 0 0 0 0 0 0 0 0 0 0 0 2 2 15 1 112572 0 0 0 0 0 0 0 6 0 0 0 0 0 0 0 2 0 0 0 0 0 0 0 0
351 GGT 0 0 0 0 0 0 0 0 0 0 0 2 0 0 0 0 0 0 0 0 0 0 0 0 0 0 0 0 0 0 0 0 0 0 0 3 0 0 0 0 1 5 5 112122 0 0 0 5 0 0 0 0 0 0 0 0 0 0 0 3 0 0 0 0
352 TTT 0 0 0 0 0 0 0 0 0 0 0 0 0 0 0 0 0 0 0 0 0 0 0 0 0 0 0 0 0 0 0 3 0 0 0 0 0 0 0 0 0 0 0 0 0 0 0 0 0 0 0 1 0 1 0 2 0 0 0 0 0 5 0 112173
353 ATT 0 0 0 2 0 0 0 2 0 0 0 1 0 4 0 112439 0 0 0 0 0 0 0 0 0 0 0 0 16 0 0 69 0 0 0 0 0 0 0 0 0 0 0 0 0 0 0 4 0 0 0 0 0 0 0 0 0 0 0 0 0 0 0 2
354 GAG 0 0 5 0 0 0 0 0 0 0 0 0 0 0 0 0 0 0 0 0 0 0 0 0 0 0 0 0 0 0 0 0 9 0 113003 10 0 0 3 0 0 0 17 0 0 0 0 0 0 0 6 0 0 0 0 0 0 0 0 0 0 0 0 0
355 GGG 0 0 0 0 0 0 0 0 0 0 4 0 0 0 0 0 0 0 0 0 0 0 0 0 0 0 0 0 0 0 0 0 0 0 3 0 0 0 0 0 2 0 112823 21 0 0 2 0 0 0 0 0 0 0 0 0 0 0 5 0 0 0 0 0
356 GGA 0 0 0 0 0 0 0 0 13 0 0 0 0 0 0 0 0 0 0 0 0 0 0 0 0 0 0 0 0 0 0 0 9 0 0 0 0 0 0 0 112553 0 325 0 5 0 0 0 0 0 0 0 0 0 0 0 5 0 0 0 0 0 0 0
357 TGG 0 0 0 0 0 0 0 0 0 0 0 0 0 0 0 0 0 0 0 0 0 0 0 0 0 0 4 0 0 0 0 0 0 0 0 0 0 0 0 0 0 0 0 0 0 0 0 0 0 0 20 0 0 0 0 0 6 1 113052 51 0 0 6 0
358 ACT 0 0 0 4 1 30 1 110157 0 19 0 0 0 0 0 3 0 0 0 0 0 0 0 1 0 0 0 0 0 0 0 0 0 0 0 0 0 0 0 7 0 0 0 0 0 0 0 0 0 0 0 0 0 0 0 2 0 0 0 0 0 0 0 0
359 GGA 0 0 0 0 0 0 0 0 6 0 0 0 0 0 0 0 0 0 0 0 0 0 0 0 0 0 0 0 0 0 0 0 6 0 0 0 1 0 0 0 112683 7 7 0 11 0 0 0 0 0 0 0 0 0 0 0 1 0 0 0 0 0 0 0
360 ATG 0 0 4 0 0 0 1 0 0 0 3 0 4 0 112536 3 0 0 0 0 0 0 0 0 0 0 0 0 0 0 0 0 0 0 0 0 0 0 0 0 0 0 0 0 0 0 3 0 0 0 0 0 0 0 0 0 0 0 0 0 16 0 0 0
361 ATA 8 0 0 0 12 0 0 0 3 0 0 0 112195 2 24 2 0 0 0 0 0 0 0 0 0 0 0 0 0 1 1 0 0 0 0 0 0 0 0 0 0 0 0 0 8 18 0 0 0 0 0 0 0 0 0 0 0 0 0 0 0 0 0 0
362 GAT 0 0 0 0 0 0 0 0 0 0 0 0 0 0 0 0 0 0 0 0 0 0 0 0 0 0 0 0 0 0 0 0 2 0 0 112628 0 0 0 0 0 0 0 6 0 0 0 0 0 0 0 1 0 0 0 0 0 0 0 0 0 0 0 0
363 GGA 0 0 0 0 0 0 0 0 5 0 0 0 0 0 0 0 0 0 0 0 0 0 0 0 0 0 0 0 0 0 0 0 0 0 0 0 0 0 0 0 112812 0 10 0 4 0 0 0 0 0 0 0 0 0 0 0 5 0 0 0 0 0 0 0
364 TGG 0 0 0 0 0 0 0 0 0 0 0 0 0 0 0 0 0 0 0 0 0 0 0 0 0 0 0 0 0 0 0 0 0 0 0 0 0 0 0 0 0 0 0 0 0 0 0 0 0 0 16 0 0 0 0 0 6 0 111388 12 0 0 9 0
365 TAT 0 0 0 0 0 0 0 0 0 0 0 0 0 0 0 0 0 0 0 6 0 0 0 0 0 0 0 0 0 0 0 0 0 0 0 1 0 0 0 0 0 0 0 0 0 0 0 0 1 0 1 112966 0 0 0 0 0 0 0 4 0 0 0 0
366 GGT 0 0 0 0 0 0 0 0 0 0 0 1 0 0 0 0 0 0 0 0 0 0 0 0 0 0 0 0 0 0 0 0 0 0 0 1 0 0 0 0 5 9 0 113151 0 0 0 11 0 0 0 0 0 0 0 0 0 0 0 3 0 0 0 0
367 TAT 0 0 0 0 0 0 0 0 0 0 0 0 0 0 0 0 0 0 0 10 0 0 0 0 0 0 0 0 0 0 0 0 0 0 0 0 0 0 0 0 0 0 0 0 0 0 0 0 1 17 1 112455 0 0 0 0 0 0 0 5 0 0 0 0
368 CAT 0 0 0 1 0 0 0 0 0 0 0 0 0 0 0 0 0 11 0 112383 0 0 0 0 0 0 0 4 0 0 0 0 0 0 0 2 0 0 0 0 0 0 0 0 0 0 0 0 0 0 0 2 0 0 0 0 0 0 0 0 0 0 0 0
369 CAT 0 0 0 5 0 0 0 0 0 0 0 0 0 0 0 0 16 6 0 112996 0 0 0 0 0 0 0 3 0 0 0 0 0 0 0 0 0 0 0 0 0 0 0 0 0 0 0 0 0 0 0 2 0 0 0 0 0 0 0 0 0 0 0 0
370 CAG 0 0 1 0 0 0 0 0 0 0 0 1 15 0 0 0 6 0 113222 8 0 0 1 0 0 0 12 0 0 0 0 0 0 0 0 0 0 0 0 0 0 0 0 0 0 0 0 0 0 0 6 0 0 0 0 0 0 0 0 0 0 0 0 0
371 AAT 1 3 0 113089 0 0 0 0 0 0 0 1 0 0 0 4 0 0 0 0 0 0 0 0 0 0 0 0 0 0 0 0 0 0 0 5 0 0 0 0 0 0 0 0 0 0 0 0 0 0 0 1 0 0 0 0 0 0 0 0 0 0 0 0
372 GAA 3 0 0 0 0 0 0 0 0 0 0 0 0 0 0 0 0 0 0 0 0 0 0 0 0 0 0 0 0 0 0 0 113021 0 7 33 0 0 0 358 7 0 0 0 0 0 0 0 5 0 0 0 0 0 0 1 0 0 0 0 0 0 0 0
373 CAG 0 0 2 0 0 0 0 0 0 0 0 0 0 0 0 0 1 0 113098 6 0 0 1 0 0 0 29 0 0 0 0 0 0 0 0 0 0 0 0 0 0 0 0 0 0 0 0 0 0 0 21 0 0 0 0 0 0 0 0 0 0 0 0 0
374 GGA 0 0 0 0 0 0 0 0 16 0 0 0 0 0 0 0 0 0 0 0 0 0 0 0 0 0 0 0 0 0 0 0 9 0 0 0 0 0 0 0 112449 0 9 0 3 0 0 0 0 0 0 0 0 0 0 0 9 0 0 0 0 0 0 0
375 TCA 0 0 0 0 0 0 0 0 0 1 1 0 0 0 0 0 0 0 0 0 1 0 0 0 0 0 0 0 0 0 0 0 0 0 0 0 0 0 0 0 0 0 0 0 118 0 0 0 2 0 0 0 112937 1 62 1 0 0 0 0 56 0 0 0
376 GGC 0 0 0 0 0 0 0 6 0 0 0 0 0 0 0 0 0 0 0 0 0 0 0 0 0 0 0 0 0 0 0 0 0 12 0 0 0 2 0 0 9 113157 2 0 0 9 0 0 0 0 0 0 0 0 0 0 0 7 0 0 0 0 0 0
377 TAT 0 0 0 0 0 0 0 0 0 0 0 0 0 0 0 0 0 0 0 13 0 0 0 0 0 0 0 0 0 0 0 0 0 0 0 1 0 0 0 0 0 0 0 0 0 0 0 0 0 1 1 112964 0 0 0 0 0 0 0 1 0 0 0 0
378 GCA 0 0 0 0 12 0 0 0 0 0 0 0 0 0 0 0 0 0 0 0 1 0 0 0 0 0 0 0 0 0 0 0 11 0 0 0 113245 3 14 10 1 0 0 0 41 0 5 0 0 0 0 0 6 0 0 0 0 0 0 0 0 0 0 0
379 GCG 0 0 0 0 0 0 2 0 0 0 0 0 0 0 0 0 0 0 0 0 0 0 0 0 0 0 0 0 0 0 0 0 0 0 8 0 10 0 113253 20 0 0 1 0 0 0 31 0 0 0 0 0 0 0 5 0 0 0 0 0 0 0 1 0
380 GAT 0 0 0 4 0 0 0 0 0 0 0 0 0 0 0 0 0 0 0 0 0 0 0 0 0 0 0 0 0 0 0 0 0 5 0 113188 0 0 0 0 0 0 0 3 0 0 0 4 0 0 0 5 0 0 0 0 0 0 0 0 0 0 0 0
381 CAA 47 0 0 0 0 0 0 0 0 0 0 0 0 0 21 0 123802 0 11 0 0 0 0 0 7 0 0 0 1 0 0 2 6 0 0 0 0 0 0 399 0 0 0 0 0 0 0 0 1 0 0 0 1 0 0 0 0 0 9 0 0 0 0 0
382 AAA 124461 0 3 0 0 0 0 0 4 0 0 0 1 0 0 0 1 0 8 0 0 0 0 0 0 0 0 0 0 0 0 0 83 0 0 0 0 0 0 0 0 0 0 0 0 0 0 0 0 0 0 0 0 0 0 0 0 0 0 0 0 0 0 0
383 AGC 0 19 1 0 0 1 0 1 3 124210 1 20 0 6 0 0 0 0 0 0 0 0 0 0 0 2 0 0 0 0 0 0 0 0 0 0 0 0 0 0 0 31 0 0 0 0 0 0 0 0 0 0 0 0 0 0 0 0 0 0 0 0 0 0
384 ACA 1 0 0 0 124513 1 8 0 0 0 0 0 4 0 0 0 0 1 0 0 0 0 0 0 0 0 0 0 0 0 0 0 0 0 0 0 8 0 0 0 0 0 0 0 0 0 0 0 0 0 0 0 0 0 0 0 0 0 0 0 0 0 0 0
385 CAA 2 0 0 0 1 0 0 0 0 0 0 0 0 0 0 0 124441 2 24 0 1 0 0 0 8 0 0 0 1 0 0 0 6 0 0 0 0 0 0 0 0 0 0 0 0 0 0 0 4 0 0 0 0 0 0 0 0 0 0 0 0 0 0 0
386 AAT 0 0 8 124327 0 0 0 0 64 0 13 3 0 0 0 2 0 0 0 2 0 0 0 0 0 0 0 0 0 0 0 0 0 0 0 7 80 0 0 0 0 0 0 0 0 0 16 0 0 0 0 0 10 0 0 2 0 0 0 0 0 0 0 0
387 GCC 0 0 0 0 0 3 0 0 0 0 0 0 0 0 0 0 0 0 0 0 0 0 0 0 0 0 0 0 0 0 0 0 0 7 0 0 4 124315 0 0 0 3 0 0 0 22 0 0 0 0 0 0 0 4 0 0 0 0 0 0 0 0 0 0
388 ATT 0 0 0 0 0 0 0 2 0 0 0 0 0 5 0 124356 0 0 0 0 0 0 0 0 0 0 0 0 0 0 0 2 0 0 0 0 0 0 0 0 0 0 0 0 0 0 0 2 0 0 0 0 0 0 0 0 0 0 0 0 0 0 0 0
389 AAC 3 124043 0 20 0 0 0 0 0 3 0 0 0 0 0 0 0 0 0 0 0 0 0 0 0 0 0 52 0 0 0 0 0 4 0 0 0 0 0 0 0 0 0 0 0 0 0 0 0 0 0 0 0 0 0 0 0 0 0 0 0 0 0 0
390 GGG 0 0 0 0 0 0 0 0 0 0 4 0 0 0 1 0 0 0 0 0 0 0 0 0 67 22 0 0 0 4 0 0 0 0 2 0 0 0 0 0 10 1 124264 6 0 0 6 0 0 0 0 0 0 0 53 0 0 0 13 0 0 0 0 0
391 ATT 0 0 0 0 0 0 0 2 0 0 0 0 0 3 0 124217 0 0 0 0 0 0 0 0 0 0 0 0 0 0 0 0 0 0 0 0 0 0 0 0 0 0 0 0 0 0 0 9 0 0 0 0 0 0 0 0 0 0 0 0 0 0 0 0
392 ACA 6 0 0 0 124155 14 8 0 2 0 0 0 14 0 0 0 0 0 0 0 0 0 0 0 0 0 0 0 0 0 0 0 0 0 0 0 19 0 0 0 0 0 0 0 0 0 0 0 0 0 0 0 0 0 0 0 0 0 0 0 0 0 0 0
393 AAC 2 124097 0 3 0 7 0 0 0 2 0 0 0 1 0 0 0 0 0 0 0 0 0 0 0 0 0 0 0 0 0 0 0 0 0 0 0 0 0 0 0 0 0 0 0 0 0 0 0 0 0 0 0 0 0 0 0 0 0 0 0 0 0 0
394 AAG 6 0 124293 15 0 0 0 0 0 0 7 0 0 0 0 0 0 0 1 0 0 0 0 0 0 0 0 0 0 0 0 0 0 0 1 0 0 0 0 0 0 0 0 0 0 0 0 0 0 0 0 0 0 0 0 0 0 0 0 0 0 0 0 0
395 GTG 0 0 0 0 0 0 0 0 0 0 0 0 1 0 2 0 0 0 0 0 0 0 0 0 0 0 0 0 0 0 0 0 0 0 1 0 0 0 0 0 0 0 1 0 3 0 124405 5 0 0 0 0 0 0 0 0 0 0 0 0 0 0 1 0
396 AAC 0 124456 0 9 0 1 0 0 0 3 0 0 0 0 0 0 0 0 0 0 0 0 0 0 0 0 0 0 0 0 0 0 0 1 0 0 0 0 0 0 0 0 0 0 0 0 0 0 0 0 0 0 0 0 0 0 0 0 0 0 0 0 0 0
397 TCT 0 0 0 0 0 0 0 2 0 0 0 0 0 0 0 0 0 0 0 0 0 0 0 4 0 0 0 0 0 0 0 0 0 0 0 0 9 0 0 0 0 0 0 0 0 0 0 0 0 0 0 4 2 24 0 124199 0 0 0 0 0 0 0 1
398 GTT 0 0 0 0 0 0 0 0 0 0 0 0 0 0 0 3 0 0 0 0 0 0 0 0 0 0 0 0 0 0 0 1 0 0 0 0 0 0 1 0 0 0 0 0 0 2 10 124565 0 0 0 0 0 0 0 0 0 0 0 0 0 0 0 4
399 ATC 0 1 0 0 0 1 0 0 0 0 0 0 12 124300 0 13 0 0 0 0 0 0 0 0 0 0 0 0 0 0 0 0 0 0 0 0 0 0 0 0 0 0 0 0 0 16 0 0 0 0 0 0 0 0 0 0 0 0 0 0 0 1 0 0
400 GAG 0 0 57 0 0 0 0 0 0 0 0 0 0 0 0 0 0 0 1 0 0 0 0 0 0 0 0 0 0 0 0 0 10 0 124101 3 0 0 1 0 0 0 9 0 0 0 1 0 0 0 7 0 0 0 0 0 0 0 0 0 0 0 0 0
401 AAA 124085 0 1 1 1 0 0 0 4 0 0 0 0 0 0 0 0 0 0 0 0 0 0 0 0 0 0 0 0 0 0 0 4 0 0 0 0 0 0 0 0 0 0 0 0 0 0 0 0 0 0 0 0 0 0 0 0 0 0 0 0 0 0 0
402 ATG 0 0 1 0 0 0 20 0 0 0 2 0 3 2 123998 2 0 0 0 0 0 0 0 0 0 0 0 0 0 0 0 0 0 0 0 0 0 0 0 0 0 0 0 0 0 0 0 0 0 0 0 0 0 0 0 0 0 0 0 0 0 0 0 0
403 AAC 13 123062 0 11 0 1 0 0 0 4 0 0 0 1 0 0 0 0 0 0 0 0 0 0 0 0 0 0 0 0 0 0 0 3 0 0 0 0 0 0 0 555 0 0 0 0 0 0 0 0 0 0 0 0 0 0 0 23 0 0 0 0 0 0
404 ACT 0 5 0 2 2 15 1 123719 1 0 0 0 0 0 0 4 0 0 0 0 0 0 0 3 0 0 0 0 0 0 2 0 0 0 0 0 0 0 0 1 0 0 0 0 0 0 0 0 0 0 0 0 1 0 0 0 0 0 0 0 0 0 0 0
405 CAA 5 0 0 0 0 0 0 0 0 0 0 0 0 0 0 0 123772 2 15 0 0 0 0 0 16 0 7 0 1 0 0 0 0 0 0 0 6 0 0 0 0 0 0 0 0 0 0 0 11 0 0 0 0 0 0 0 0 0 0 1 0 0 0 0
406 TTC 0 0 0 0 0 0 0 0 0 0 0 0 0 0 0 0 0 0 0 0 0 0 0 0 0 0 0 0 0 7 0 0 0 0 0 0 0 0 0 0 0 0 0 0 0 0 0 0 0 0 0 0 0 4 0 0 0 0 0 0 6 124145 0 2
407 ACA 0 0 0 0 124266 1 25 1 2 0 0 0 17 0 0 0 0 0 0 17 1 0 0 0 0 0 0 0 0 0 0 0 0 0 0 0 3 0 0 0 0 0 0 0 0 0 0 0 0 0 0 0 2 0 0 0 0 0 0 0 0 0 0 0
408 GCT 0 0 0 0 0 0 0 107 0 0 0 0 0 0 0 0 0 0 2 0 0 0 0 1 0 0 20 0 0 0 0 0 0 0 0 10 0 15 1 124054 0 0 0 0 0 0 0 2 0 0 0 0 0 0 0 7 0 0 0 0 0 0 0 0
409 GTG 0 0 0 0 0 0 0 0 0 0 0 0 0 0 9 0 0 0 0 0 0 0 0 0 0 0 0 0 0 0 0 0 0 0 0 0 0 0 3 0 0 0 1 0 3 1 123548 19 0 0 0 0 0 0 0 0 0 0 0 0 0 0 6 0
410 GGT 0 0 0 0 0 0 0 0 0 0 0 83 0 0 0 0 0 0 0 0 0 0 0 0 0 0 0 1 0 0 0 0 0 0 0 13 0 0 0 1 1 94 1 123900 0 0 0 27 0 0 0 18 0 0 0 0 0 0 0 2 0 0 0 0
411 AAA 124342 2 13 2 2 0 0 0 4 0 0 0 0 0 0 0 0 0 0 0 0 0 0 0 0 0 0 0 0 0 0 0 3 0 0 0 0 0 0 0 7 0 0 0 0 0 0 0 0 0 0 0 0 0 0 0 0 0 0 0 0 0 0 0
412 GAA 0 0 0 0 0 0 0 0 0 0 0 0 2 0 0 0 31 0 32 121 0 0 0 0 0 0 0 0 0 0 0 0 124281 0 0 0 0 0 0 0 1 0 0 0 1 1 0 0 8 0 0 0 0 0 0 0 0 0 0 0 2 0 0 0
413 TTC 0 0 0 0 0 0 0 0 0 0 0 0 0 3 0 0 0 0 0 0 0 1 0 0 0 0 0 0 0 9 0 0 0 0 0 0 0 0 0 0 0 0 0 0 0 1 0 0 0 0 0 0 0 2 0 0 0 0 0 0 4 124343 0 2
414 AAC 3 124236 0 7 0 1 0 0 0 12 0 0 0 0 0 0 0 0 0 0 0 0 0 0 0 0 0 0 0 0 0 0 0 17 0 0 0 0 0 0 0 3 0 3 0 0 0 0 0 0 0 0 0 0 0 0 0 0 0 0 0 0 0 0
415 AAC 1 124476 0 0 0 0 0 0 0 2 0 0 0 0 0 0 0 2 0 0 0 0 0 0 0 0 0 0 0 0 0 0 0 4 32 0 0 0 0 0 0 0 0 0 0 7 0 0 0 0 0 0 0 0 0 0 0 0 0 0 0 0 0 0
416 TTA 0 0 0 0 0 0 0 0 0 0 0 0 1 0 0 0 0 0 0 0 0 0 0 0 0 0 0 0 2 0 0 0 0 0 0 0 0 0 0 0 0 0 0 0 3 0 0 0 0 0 0 0 7 0 0 0 0 0 0 0 123770 0 7 0
417 GAA 3 0 0 0 0 0 0 0 0 0 0 0 0 0 0 0 0 0 0 0 0 0 0 0 0 0 0 0 0 0 0 0 124410 2 5 0 0 0 0 0 5 0 0 0 0 0 0 0 1 0 0 0 0 0 0 0 0 0 0 0 0 0 0 0
418 AAA 124482 1 10 1 0 0 0 0 1 0 0 0 1 0 0 0 0 0 0 0 0 0 0 0 0 0 0 0 0 0 0 0 5 0 0 0 0 0 0 0 0 0 0 0 0 0 0 0 0 0 0 0 0 0 0 0 0 0 0 0 0 0 0 0
419 AGG 0 0 25 0 0 0 0 0 2 0 123177 6 0 0 14 0 0 0 0 0 0 0 0 0 0 0 3 0 0 0 0 0 0 0 0 0 0 0 0 0 0 0 96 0 0 0 0 0 0 0 0 0 0 0 0 0 0 0 0 0 0 0 0 0
420 ATG 0 0 0 0 0 0 0 0 0 0 0 0 2 1 123345 1 0 0 0 0 0 0 0 0 0 0 0 0 0 0 0 0 0 0 0 0 0 0 0 0 0 0 0 0 0 0 2 0 0 0 0 0 0 0 0 0 0 0 0 0 0 0 1 0
421 GAA 5 0 0 0 0 0 0 0 0 0 0 0 0 0 0 0 0 0 0 0 0 0 0 0 0 0 0 0 0 0 0 0 123255 1 2 1 0 0 0 0 8 0 0 0 25 0 0 0 1 0 0 0 0 0 0 0 0 0 0 0 0 0 0 0
422 AAT 1 2 1 124159 0 0 0 1 0 0 0 2 0 0 0 1 0 0 0 0 0 0 0 0 0 0 0 0 0 0 0 0 0 0 0 0 0 0 0 0 0 1 0 0 0 0 0 0 0 0 0 0 0 0 0 0 0 0 0 0 0 0 0 0
423 TTA 0 0 0 0 0 0 0 0 0 0 0 0 0 0 0 0 0 0 0 0 1 0 0 0 0 0 0 0 0 0 0 0 0 0 0 0 0 0 0 0 0 0 0 0 0 0 0 0 1 0 0 0 1 0 0 0 0 0 0 0 123958 2 17 0
424 AAT 0 36 0 124021 0 0 0 0 0 0 0 1 0 0 0 0 0 0 0 5 0 0 0 0 0 0 0 0 0 0 0 0 0 0 0 3 0 0 0 0 0 0 0 0 0 0 0 0 0 0 0 0 0 0 0 0 0 0 0 0 0 0 0 0
425 AAA 124325 0 4 1 0 0 0 0 12 0 0 0 0 0 0 0 0 0 0 0 0 0 0 0 0 0 0 32 0 0 0 0 5 0 0 0 0 0 0 0 0 0 0 0 0 0 0 0 0 0 0 0 0 0 0 0 0 0 0 0 0 0 0 0
426 AAA 124087 2 221 1 1 0 0 0 2 0 0 3 58 0 0 0 0 0 0 0 0 0 0 0 0 0 0 0 0 0 0 0 3 0 0 0 0 0 0 0 0 0 0 0 0 0 0 0 0 0 0 0 0 0 0 0 0 0 0 0 0 0 0 0
427 GTT 1 0 20 0 0 0 0 0 0 0 0 90 0 0 0 3 0 0 0 0 0 0 0 0 0 0 0 0 0 0 0 0 0 0 0 0 0 0 0 2 0 0 0 0 0 0 1 120068 0 0 0 0 0 0 0 0 2 0 0 0 0 0 180 2
428 GAT 1 0 0 2 0 0 0 0 0 0 0 0 0 0 183 0 0 0 0 0 0 0 0 0 0 0 0 0 0 0 0 0 0 1 0 122003 0 0 0 0 0 0 0 11 0 0 0 0 0 0 0 2 0 0 0 0 103 0 0 0 0 0 20 0
429 GAT 0 0 0 33 0 0 0 0 0 0 0 0 0 0 192 0 0 0 0 0 0 0 0 0 0 0 0 0 0 0 0 0 2 2 2 121434 0 0 0 0 0 0 0 7 0 0 0 1 1 0 0 6 0 0 0 0 96 0 2 0 0 0 0 0
430 GGG 0 0 0 0 0 0 0 0 0 0 1 0 0 0 0 0 0 0 0 0 0 0 0 0 0 0 0 0 0 0 0 0 0 0 5 0 0 0 0 0 7 0 116307 3 0 0 2 0 0 0 0 0 0 0 0 0 0 0 4 0 0 0 0 0
431 TTT 0 0 0 0 0 0 0 0 0 0 0 0 0 0 0 0 0 0 0 0 0 0 0 1 0 0 0 0 0 3 0 5 0 0 0 0 0 0 0 0 0 0 0 0 0 0 0 1 0 0 0 0 0 0 0 0 0 0 0 0 0 0 0 117446
432 CTG 0 0 0 0 0 0 0 0 0 0 0 0 0 0 7 0 0 0 0 0 0 0 22 0 0 0 0 0 6 0 114908 2 0 0 0 0 0 0 0 0 0 0 0 0 0 0 0 0 0 0 0 0 0 0 0 0 0 0 0 0 0 0 10 0
433 GAC 0 76 0 0 0 0 0 0 0 0 0 0 0 0 0 0 0 0 0 0 0 0 0 0 0 0 0 0 0 0 0 0 51 115882 0 8 0 0 0 0 0 15 0 0 0 0 0 0 0 2 0 0 0 0 0 0 0 0 0 0 0 0 0 0
434 ATT 0 0 0 2 0 0 0 3 0 0 0 0 0 2 1 120036 0 0 0 0 0 0 0 0 0 0 0 0 0 0 0 3 0 0 0 0 0 0 0 0 0 0 0 0 0 0 0 2 0 0 0 0 0 0 0 0 0 0 0 0 0 0 0 0
435 TGG 0 0 0 0 0 0 0 0 0 0 1 0 0 0 0 0 0 0 0 0 0 0 0 0 0 0 9 0 0 0 0 0 0 0 0 0 0 0 0 0 0 0 0 0 0 0 0 0 0 0 3 0 0 0 0 0 3 0 111374 8 0 0 2 0
436 ACA 39 0 0 0 120211 14 4 4 0 0 0 0 2 0 0 0 0 0 0 0 0 0 0 0 0 0 0 0 0 0 0 0 0 0 0 0 8 0 0 0 0 0 0 0 0 0 0 0 0 0 0 0 2 0 0 0 0 0 0 0 0 0 0 0
437 TAT 0 0 0 0 0 0 0 0 0 0 0 0 0 0 0 0 0 0 0 30 0 0 0 0 0 0 0 0 0 0 0 0 0 0 0 0 0 0 0 0 0 0 0 0 0 0 0 0 0 3 3 120905 0 0 0 1 0 0 0 4 0 0 0 0
438 AAT 0 1 0 120246 0 0 0 0 0 0 0 3 0 0 0 0 0 0 0 0 0 0 0 0 0 0 0 0 0 0 0 0 0 0 0 8 0 0 0 0 0 0 0 0 0 0 0 0 0 0 0 2 0 0 0 0 0 0 0 0 0 0 0 0
439 GCA 0 0 0 0 20 0 0 0 0 0 0 0 0 0 0 0 0 0 0 0 0 0 0 0 0 0 0 0 0 0 0 0 16 0 0 0 118758 0 31 30 0 0 0 0 76 0 0 0 0 0 0 0 10 0 0 0 0 0 0 0 0 0 0 0
440 GAA 3 0 0 0 0 0 0 0 0 0 0 0 0 0 0 0 0 0 0 0 0 0 0 0 0 0 0 0 0 0 0 0 123908 0 3 2 0 0 0 0 0 0 0 0 0 0 0 0 5 0 0 10 0 0 0 0 0 0 0 0 0 0 0 0
441 TTG 0 0 0 10 0 0 0 0 0 0 0 0 0 0 0 0 0 0 0 0 0 0 0 0 0 0 0 0 0 0 0 0 0 0 0 0 0 0 0 0 0 0 0 0 0 0 5 0 0 0 0 0 0 0 2 0 0 0 0 0 1 0 123512 3
442 TTA 0 0 0 0 0 0 0 0 0 0 0 0 0 0 0 0 0 0 0 0 0 0 0 0 0 0 0 0 2 0 0 0 0 0 0 0 10 0 0 0 0 0 0 0 0 0 0 0 0 0 0 0 3 0 0 0 0 0 0 0 123202 0 8 0
443 GTT 0 0 0 0 0 0 0 0 0 0 0 0 0 0 0 3 0 0 0 0 0 0 0 0 0 0 0 0 0 0 0 0 0 0 0 0 0 0 0 1 0 0 0 0 1 2 0 123253 0 0 0 0 0 0 0 0 0 0 0 0 0 0 0 5
444 CTA 0 0 0 0 0 0 0 0 0 0 0 0 7 0 0 0 1 0 0 0 90 0 0 0 0 0 0 0 120125 0 10 0 0 0 0 0 0 0 0 0 0 0 0 0 0 0 0 0 0 0 0 0 0 0 0 0 0 0 0 0 1 0 0 0
445 CTG 0 0 0 0 0 0 0 0 0 0 0 0 0 0 11 0 0 0 1 0 0 0 22 0 0 0 0 0 5 0 121893 27 0 0 0 0 0 0 0 0 0 0 0 0 0 0 0 0 0 0 0 0 0 0 0 0 0 0 0 0 0 0 1 0
446 GAA 4 0 0 0 0 0 0 0 0 0 0 0 0 0 0 0 0 0 0 0 0 0 0 0 0 0 0 0 0 0 0 0 124130 0 4 0 0 0 0 0 5 0 0 0 0 0 0 0 3 0 0 0 0 0 0 0 0 0 0 0 0 0 0 0
447 AAT 1 0 2 123827 0 0 0 0 0 0 0 3 0 0 0 1 0 0 0 0 0 0 0 0 0 0 0 0 0 0 0 0 0 0 0 4 0 0 0 0 0 0 0 0 0 0 0 0 0 0 0 0 0 0 0 0 0 0 0 0 0 0 0 0
448 GAA 14 0 0 0 0 0 0 0 0 0 0 0 0 0 0 0 0 0 0 0 0 0 0 0 0 0 0 0 0 0 0 0 124123 0 7 1 1 0 0 0 14 0 0 0 0 0 0 0 5 0 0 0 0 0 0 0 0 0 0 0 0 0 0 0
449 AGG 0 0 5 0 0 0 0 0 3 0 122919 2 0 0 3 0 0 0 0 0 0 0 0 0 0 0 9 0 0 0 0 0 0 0 0 0 0 0 0 0 0 0 23 0 0 0 0 0 0 0 0 0 0 0 0 0 0 0 1 0 0 0 0 0
450 ACT 0 0 0 4 2 11 1 123148 0 0 0 0 0 0 0 5 0 0 0 0 0 0 0 1 0 0 0 0 0 0 0 0 0 0 0 0 0 0 0 5 0 0 0 0 0 0 0 0 0 0 0 0 0 0 0 0 0 0 0 0 0 0 0 0
451 TTG 0 0 0 0 0 0 0 0 0 0 0 0 0 0 0 0 0 0 0 0 0 0 0 0 0 0 0 0 0 0 4 0 0 0 0 0 0 0 0 0 0 0 0 0 0 0 0 0 0 0 0 0 0 0 11 0 0 0 0 0 3 0 123492 0
452 GAT 0 0 0 0 0 0 0 0 0 0 0 0 0 0 0 0 0 0 0 0 0 0 0 0 0 0 0 0 0 0 0 0 1 0 0 123870 0 0 0 1 0 0 0 6 0 0 0 1 0 0 0 1 0 0 0 0 0 0 0 0 0 0 0 0
453 TTC 0 0 0 0 0 0 0 0 0 0 0 0 0 0 0 0 0 0 0 0 0 0 0 0 0 0 0 0 0 3 0 0 0 0 0 0 0 0 0 0 0 0 0 0 0 1 0 0 0 0 0 0 0 6 0 0 0 0 0 0 7 123868 0 1
454 CAT 0 0 0 9 0 0 0 0 0 0 0 0 0 0 0 0 0 4 0 124297 0 0 0 1 0 0 0 16 0 0 0 0 0 0 0 0 0 0 0 0 0 0 0 0 0 0 0 0 0 0 0 5 0 0 0 0 0 0 0 0 0 0 0 0
455 GAC 0 1 0 0 0 0 0 0 0 0 0 0 0 0 0 0 0 0 0 0 0 0 0 0 0 0 0 0 0 0 0 0 8 123635 0 2 0 0 0 0 0 5 0 0 0 0 0 0 0 6 0 0 0 0 0 0 0 0 0 0 0 0 0 0
456 TTA 0 0 0 0 0 0 0 0 0 0 0 0 0 0 0 0 0 0 0 0 0 0 0 0 0 0 0 0 18 0 0 0 0 0 72 0 0 0 0 0 0 0 0 0 0 0 0 0 0 0 0 0 17 0 0 0 0 0 0 0 123870 0 6 0
457 AAT 0 1 1 124200 0 0 0 0 0 0 0 4 0 0 0 0 0 0 0 1 0 0 0 0 0 0 0 0 0 0 0 0 0 0 0 1 0 0 0 0 0 0 0 0 0 0 0 0 0 0 0 0 0 0 0 0 0 0 0 0 0 0 0 0
458 GTG 0 0 0 0 0 0 0 0 0 0 0 0 0 0 2 0 0 0 0 0 0 0 0 0 0 0 0 0 0 0 0 0 0 0 0 0 0 0 3 0 0 0 0 0 8 0 123829 5 0 0 0 0 0 0 0 0 0 0 0 0 0 0 5 0
459 AAG 7 0 124169 2 0 0 3 0 0 0 9 0 0 0 5 0 0 0 0 0 0 0 0 0 0 0 0 0 0 0 0 0 0 0 12 0 0 0 0 0 0 0 0 0 0 0 0 0 0 0 1 0 0 0 0 0 0 0 0 0 0 0 0 0
460 AAT 0 3 0 122959 0 0 0 0 0 0 0 5 0 0 0 2 0 0 0 0 0 0 0 0 0 1 0 0 0 0 0 0 0 0 0 4 0 0 0 0 0 0 41 0 0 0 0 0 0 0 0 0 0 0 0 0 0 0 0 0 0 0 0 0
461 CTG 0 0 0 0 0 0 0 0 0 0 0 0 0 0 6 0 0 0 1 0 0 0 1 0 0 0 0 0 4 0 123774 3 0 0 0 0 0 0 0 0 0 0 0 0 0 0 1 0 0 0 0 0 0 0 0 0 0 0 0 0 0 0 1 0
462 TAC 0 0 0 0 0 0 0 0 0 0 0 0 0 0 0 0 0 2 0 0 0 0 0 0 0 0 0 0 0 0 0 0 0 0 0 0 0 0 0 0 0 0 0 0 0 0 0 0 10 124288 1 20 0 0 0 0 0 9 0 0 0 0 0 0
463 GAG 0 0 2 93 0 0 0 0 0 0 0 0 0 0 0 0 0 0 0 0 0 0 0 0 0 0 0 0 0 0 0 0 5 0 124371 9 0 0 0 0 0 0 10 0 0 0 0 0 0 0 10 0 0 0 0 0 0 0 0 0 0 0 0 0
464 AAA 124442 0 10 1 0 0 0 0 1 0 0 0 0 0 0 0 1 0 0 0 0 0 0 0 0 0 0 0 0 0 0 0 49 0 0 0 0 0 0 0 0 0 0 0 0 0 0 0 1 0 0 0 0 0 0 0 0 0 0 0 0 0 0 0
465 GTA 0 0 0 0 0 0 0 0 0 0 0 0 7 0 0 0 0 0 0 0 0 0 0 0 0 0 0 0 0 0 0 0 0 0 0 0 11 0 0 0 1 0 0 0 123970 0 6 0 0 0 0 0 0 0 0 0 0 0 0 0 0 0 0 0
466 AAA 124589 1 6 0 0 0 0 0 5 0 0 0 1 0 0 0 1 0 0 0 0 0 0 0 0 0 0 0 0 0 0 0 1 0 0 0 0 0 0 0 0 0 0 0 0 0 0 0 0 0 0 0 0 0 0 0 0 0 0 0 0 0 0 0
467 AGC 0 7 0 0 0 0 0 0 11 124268 0 81 2 4 0 0 0 0 0 0 0 0 0 0 0 3 0 0 0 0 0 0 0 0 0 0 21 0 0 0 0 13 0 96 0 0 0 0 0 0 0 0 0 0 0 0 0 0 0 0 0 0 0 0
468 CAA 5 0 0 0 0 0 0 0 0 0 0 0 0 99 0 0 124183 0 32 0 0 0 0 0 3 0 0 0 0 0 0 0 1 0 0 0 0 0 0 0 0 0 0 0 0 0 0 10 2 0 0 0 0 0 0 0 0 0 0 0 0 0 0 0
469 TTA 0 0 0 0 0 0 0 0 0 0 0 0 0 0 0 0 0 0 0 0 0 0 0 0 0 0 0 0 4 0 0 0 0 0 0 0 0 0 0 0 0 0 0 0 1 0 0 0 1 0 0 0 3 0 0 0 1 0 0 0 124404 0 1 0
470 AAG 0 0 124304 5 0 0 2 0 0 0 14 0 0 0 2 0 0 0 0 0 0 0 0 0 0 0 0 0 0 0 0 0 0 0 3 0 0 0 0 0 0 0 0 0 0 0 0 0 0 0 0 3 0 0 0 0 0 0 39 0 0 0 0 0
471 AAT 0 0 2 124424 0 0 0 1 0 0 0 2 0 0 0 0 2 0 0 1 0 0 0 0 0 0 0 0 0 0 0 0 0 0 0 7 0 0 0 0 0 0 0 0 0 0 0 0 0 0 0 0 0 0 0 0 0 0 0 0 0 0 0 0
472 AAT 1 1 0 124466 0 0 0 5 0 0 0 12 0 0 0 1 0 0 0 0 0 0 0 0 0 0 0 0 0 0 0 0 0 0 0 15 0 0 0 0 0 0 0 0 0 0 0 0 0 0 0 0 0 0 0 0 0 0 0 0 0 0 0 0
473 GCC 0 0 0 0 0 11 0 0 0 0 0 0 0 0 0 0 0 0 0 0 0 0 0 0 0 0 0 0 0 0 0 0 0 3 0 0 4 124489 0 0 0 0 0 0 0 3 0 0 0 0 0 0 0 7 0 0 0 0 0 0 0 0 0 0
474 AAA 124366 1 14 3 0 0 0 0 10 0 0 0 0 0 0 0 3 0 0 0 0 0 0 0 0 0 0 0 0 0 0 0 8 0 0 0 0 0 0 0 0 0 0 0 0 0 0 1 0 0 0 0 0 0 0 0 0 0 0 0 5 0 0 0
475 GAA 4 0 0 0 0 0 0 0 0 0 0 0 0 0 0 0 1 0 0 0 0 0 0 0 0 0 0 0 0 0 0 0 124053 1 2 0 0 0 0 0 3 0 0 0 1 0 0 0 3 0 0 0 0 0 0 0 0 0 0 0 0 0 0 0
476 ATC 0 0 0 0 0 1 8 0 0 8 0 0 1 109175 0 18 0 0 0 0 0 0 0 0 0 0 0 0 6 0 0 0 0 0 0 0 0 0 0 0 0 0 0 0 8 0 0 0 0 0 0 0 0 0 1 0 0 0 0 0 0 0 0 0
477 GGA 0 0 0 0 0 0 0 0 9 0 0 0 0 0 0 0 0 0 0 0 0 0 0 0 0 0 0 0 0 0 0 0 6 0 0 0 0 0 0 0 108751 0 2 3 4 0 0 0 0 0 0 0 0 0 0 0 1 0 0 0 0 0 0 0
478 AAT 0 3 2 108451 0 0 0 0 0 0 0 1 0 0 0 0 0 0 0 1 0 0 0 0 0 0 0 0 0 0 0 0 0 0 0 2 0 0 0 0 0 0 0 0 0 0 0 0 0 0 0 0 0 0 0 0 0 0 0 0 0 0 0 0
479 GGG 0 0 0 0 0 0 0 0 0 0 1 0 0 0 0 0 0 0 0 0 0 0 0 0 0 0 0 0 0 0 0 0 0 0 2 0 0 0 0 0 22 0 109089 4 0 0 1 0 0 0 0 0 0 0 0 0 0 0 3 0 0 0 0 0
480 TGT 0 0 0 0 0 0 0 0 0 0 0 0 0 0 0 0 0 0 0 0 0 0 0 0 0 0 0 3 0 0 0 0 0 0 0 0 0 0 0 0 0 0 0 0 0 0 0 0 0 0 0 9 0 0 0 0 0 4 1 108943 0 0 0 2
481 TTT 0 0 0 0 0 0 0 0 0 0 0 0 0 0 0 1 0 0 0 0 0 0 0 0 0 0 0 0 0 0 0 8 0 0 0 0 0 0 0 0 0 0 0 0 0 0 0 1 0 0 0 0 0 0 0 8 0 0 0 1 0 3 0 108929
482 GAG 0 0 116 0 0 0 0 0 0 0 0 0 0 0 0 0 0 0 0 0 0 0 0 0 0 0 0 0 0 0 0 0 5 0 108883 0 0 0 0 0 0 0 35 0 0 0 1 0 0 0 2 0 0 0 0 0 0 0 0 0 0 0 0 0
483 TTC 0 0 0 0 0 0 0 0 0 0 0 0 0 0 0 0 0 0 0 0 0 0 0 0 0 0 0 0 0 3 0 0 0 0 0 0 0 0 0 0 0 0 0 0 0 1 0 0 0 0 0 0 0 2 0 0 0 0 0 0 57 108282 0 6
484 TAC 0 0 0 0 0 0 0 0 0 0 0 0 0 0 0 0 0 32 0 0 0 0 0 0 0 0 0 0 0 0 0 0 0 0 0 0 0 0 0 0 0 0 0 0 0 0 0 0 6 109177 0 1 0 0 0 0 0 22 0 0 0 0 0 0
485 CAC 0 6 0 0 0 0 0 0 0 0 0 0 0 0 0 0 0 108660 0 3 0 0 0 0 0 0 0 0 0 1 0 0 0 1 0 0 0 0 0 0 0 0 0 0 0 0 0 0 0 1 0 0 0 0 0 0 0 0 0 0 0 0 0 0
486 AAG 2 0 109158 3 0 0 2 0 0 0 9 15 0 0 2 0 15 0 4 0 0 0 0 0 0 0 0 1 0 0 0 0 0 0 9 0 0 0 0 0 0 0 0 0 0 0 0 0 0 0 1 0 0 0 0 0 0 0 0 0 0 0 0 0
487 TGT 0 0 0 0 0 0 0 0 0 0 0 0 0 0 0 0 0 0 0 0 0 0 0 0 0 0 0 4 0 0 0 0 0 0 0 0 0 0 0 0 0 0 0 0 0 0 0 0 0 0 0 7 0 0 0 0 0 2 1 109010 0 0 0 1
488 GAC 0 6 0 0 0 0 0 0 0 0 0 0 0 0 0 0 0 0 0 0 0 0 0 0 0 0 0 0 0 0 0 0 6 108502 0 4 0 4 0 0 0 21 0 0 0 0 0 0 0 4 0 0 0 0 0 0 0 0 0 0 0 0 0 0
489 AAT 2 7 0 108892 0 0 0 0 0 0 0 4 0 0 0 0 0 0 0 0 0 0 0 0 0 0 0 0 0 0 0 0 0 0 0 9 0 0 0 0 0 0 0 0 0 0 0 0 0 0 0 0 0 0 0 0 0 0 0 0 0 0 0 0
490 GAA 12 0 0 0 0 0 0 0 0 0 0 0 0 0 0 0 0 0 0 0 0 0 0 0 0 0 0 0 0 0 0 0 108363 0 4 0 0 0 0 0 5 0 11 0 5 0 0 0 6 0 0 0 0 0 0 0 0 0 0 0 0 0 0 0
491 TGC 0 0 0 0 0 0 0 0 0 2 0 0 0 0 0 0 0 0 0 0 0 0 0 0 0 3 0 0 0 0 0 0 0 0 0 0 0 0 0 0 0 0 0 0 0 0 0 0 0 6 0 0 0 0 0 0 13 108831 1 14 0 4 0 0
492 ATG 0 0 0 0 0 0 3 0 0 0 10 0 10 0 108779 4 0 0 0 0 0 0 0 0 0 0 0 0 0 0 0 0 0 0 0 0 0 0 0 0 0 0 0 0 0 0 1 0 0 0 0 0 0 0 0 0 0 0 0 0 0 0 0 0
493 GAA 5 0 0 0 0 0 0 0 0 0 0 0 0 0 0 0 0 0 0 0 0 0 0 0 0 0 0 0 0 0 0 0 107308 1 0 0 0 0 0 0 7 0 0 2 0 0 0 0 5 0 0 0 0 0 0 0 0 0 0 0 0 0 0 0
494 AGT 0 0 0 5 0 0 0 0 0 1 0 108293 0 0 0 3 0 0 0 0 0 0 0 0 0 0 0 30 0 0 0 0 0 0 0 0 0 0 0 0 0 0 0 12 0 0 0 0 0 0 0 0 0 0 0 0 0 0 0 0 0 0 0 0
495 GTA 0 0 0 0 0 0 0 0 0 0 0 0 8 0 0 0 0 0 0 0 0 0 0 0 0 0 0 0 0 0 0 0 1 0 0 0 7 0 0 0 0 0 0 0 108776 0 14 2 0 0 0 0 0 0 0 0 0 0 0 0 6 0 0 0
496 AGA 2 0 0 0 0 0 0 0 109006 7 1 0 3 0 0 0 0 0 0 0 0 0 0 0 1 0 0 0 0 0 0 0 0 0 0 0 0 0 0 0 8 0 0 0 0 0 0 0 0 0 0 0 0 0 0 0 0 0 0 0 0 0 0 0
497 AAT 0 0 0 109095 0 0 0 0 0 0 0 3 0 0 8 3 0 0 1 0 0 0 0 0 0 0 0 0 0 0 0 0 8 0 0 4 21 0 0 0 0 0 0 0 0 0 3 0 0 0 0 0 0 0 17 0 0 0 0 0 0 0 9 0
498 GGG 0 0 0 0 0 0 0 0 0 0 5 0 0 0 0 0 0 0 0 0 0 0 0 0 0 0 0 0 0 0 0 0 0 0 2 0 0 0 0 0 11 0 108947 8 0 0 19 0 0 0 0 0 0 0 0 0 0 0 5 0 0 0 0 0
499 ACT 0 0 0 3 1 2 1 108989 0 0 1 1 0 0 2 4 0 0 0 0 0 0 0 0 0 0 0 0 0 0 0 0 0 0 0 0 0 0 0 3 0 0 0 0 0 0 0 0 0 0 0 10 0 0 0 1 0 0 0 0 0 0 0 0
500 TAT 0 0 0 0 0 0 0 0 0 0 0 0 0 0 0 0 0 0 0 7 0 0 0 0 0 0 0 0 0 0 0 1 0 0 0 0 0 0 0 0 0 0 0 0 0 0 0 0 1 0 1 109284 0 0 0 0 0 0 0 4 0 0 0 1
501 GAT 0 0 0 0 0 0 0 0 0 0 0 0 0 45 0 0 0 0 0 0 0 0 0 0 0 0 0 0 0 0 0 0 0 19 0 108755 0 0 0 1 0 0 0 4 0 0 0 0 0 0 0 3 0 0 0 0 0 0 0 0 0 0 0 0
502 TAT 0 0 0 1 0 0 0 1 0 0 0 0 0 0 0 0 0 0 0 3 0 0 0 0 0 0 0 0 0 0 0 0 0 0 0 0 0 0 20 0 0 0 0 0 0 0 0 0 0 4 0 109221 0 0 0 3 0 0 0 3 0 0 0 1
503 CCA 0 0 0 0 4 0 0 0 18 0 0 0 0 0 0 0 3 0 0 0 109036 5 7 0 0 0 0 0 3 0 0 0 0 0 0 0 0 0 0 0 0 0 0 0 0 0 0 0 0 0 0 0 2 0 0 0 0 0 0 0 0 0 0 0
504 AAA 109094 0 1 1 0 0 0 0 3 0 0 0 0 0 0 0 0 0 0 0 0 0 0 0 0 0 0 0 0 0 0 0 2 0 0 0 0 0 0 0 0 0 0 0 0 0 0 0 0 0 0 0 0 0 0 2 0 0 0 0 0 0 0 0
505 TAT 0 0 0 0 0 0 0 0 0 0 0 0 0 0 0 0 0 0 0 1 0 0 0 0 0 0 0 0 0 0 0 0 0 0 0 0 0 0 0 0 0 0 0 0 0 0 0 0 0 1 1 109209 0 0 0 0 0 0 0 3 0 0 0 0
506 TCA 0 0 0 0 0 0 0 0 0 0 0 0 0 0 0 0 0 0 0 0 73 0 0 0 0 0 0 0 0 0 2 0 23 0 0 0 0 0 0 38 0 0 0 0 0 0 0 0 4 0 0 0 108778 0 18 0 0 0 0 0 4 0 0 0
507 GAA 13 0 0 0 0 0 0 0 0 0 0 0 0 0 0 0 0 0 0 0 0 0 0 0 0 0 0 0 0 0 0 0 108500 0 2 1 1 0 0 0 8 0 268 0 0 0 0 0 1 0 0 0 0 0 0 0 0 0 0 0 0 1 0 0
508 GAA 6 0 0 0 0 0 0 1 0 0 0 0 0 0 0 0 0 0 0 0 0 0 0 0 0 0 0 0 0 0 0 0 108835 1 1 0 0 0 7 0 2 0 0 0 0 0 0 0 6 0 0 0 0 0 0 0 0 0 0 0 0 0 0 0
509 TCA 0 0 0 0 1 0 0 0 0 0 0 0 0 0 0 0 0 0 0 0 2 0 0 0 0 0 0 0 0 0 0 0 0 0 0 0 0 0 0 0 0 0 0 0 0 0 0 0 3 0 0 0 108798 1 5 0 0 0 0 0 3 0 0 0
510 AAG 4 1 108448 2 0 0 8 0 0 0 13 0 0 0 2 0 0 0 0 0 0 0 0 0 0 0 0 0 0 0 0 0 0 0 2 0 0 0 0 0 0 0 0 0 44 0 0 0 0 0 1 0 0 0 0 0 0 0 0 0 0 0 0 0
511 TTG 0 0 0 0 0 0 0 0 0 0 0 0 0 0 1 0 0 0 0 0 0 0 0 0 0 0 0 0 0 0 3 0 0 0 0 0 0 0 0 0 0 0 0 0 0 0 0 181 0 0 0 0 0 0 1 0 0 0 0 0 1 1 107846 7
512 AAC 2 108489 1 10 0 3 0 32 0 44 0 0 0 0 0 0 0 0 0 0 0 0 0 0 0 0 0 0 0 0 0 0 1 8 0 0 0 0 13 0 0 0 0 0 0 0 0 0 0 2 0 0 0 0 0 0 0 0 0 0 0 0 0 0
513 AGG 0 0 7 0 0 0 0 0 4 1 108219 8 0 0 5 0 0 0 0 0 0 0 0 0 0 0 5 0 0 0 0 0 0 0 0 0 0 0 0 0 0 0 13 0 0 0 0 0 0 0 0 0 0 0 0 0 0 0 1 0 0 0 0 0
514 GAA 0 0 0 0 0 0 0 0 0 0 0 0 0 0 0 0 0 0 0 0 0 0 0 0 0 0 0 0 0 0 0 0 107434 0 172 0 1 0 0 0 6 0 0 0 0 0 0 6 6 0 0 0 0 2 0 0 0 0 0 0 0 0 0 0
515 AAG 4 0 108103 26 0 0 2 0 0 0 31 4 0 0 1 0 0 0 0 0 0 0 0 0 0 0 0 0 0 0 0 0 0 0 9 0 0 0 0 0 0 0 0 0 0 0 0 0 0 0 0 0 0 0 0 0 0 0 0 0 0 0 0 0
516 ATA 1 0 0 0 1 0 0 0 0 0 0 0 108794 0 17 1 0 0 0 0 0 0 0 0 0 0 0 0 0 0 0 0 0 0 0 0 0 0 0 0 0 0 0 0 0 0 0 0 0 0 0 0 0 0 0 0 0 0 0 0 0 0 0 0
517 GAT 0 0 1 3 0 0 0 0 0 0 0 0 0 0 0 0 0 0 0 0 0 0 0 0 0 0 0 0 0 0 0 0 1 0 0 107990 0 0 0 1 0 0 0 3 0 0 0 0 0 0 0 5 0 29 0 0 0 0 0 0 0 0 0 0
518 GGA 0 0 0 0 0 9 1 0 7 0 0 26 0 0 0 0 0 0 128 0 0 0 0 0 0 0 0 0 0 0 0 0 2 0 0 0 0 0 0 0 104884 0 15 0 6 0 0 0 0 0 0 0 0 0 0 0 3 0 0 0 0 0 0 0
519 GTG 0 0 0 0 0 0 0 0 0 0 0 0 0 0 3 0 0 0 0 0 0 0 0 0 0 0 0 0 0 0 1 0 0 0 1 0 0 0 1 0 0 0 0 0 7 0 106013 21 0 0 0 0 0 0 0 0 0 0 0 0 0 0 6 0
520 AAA 107818 1 2 2 1 0 0 0 74 0 0 0 0 0 0 0 0 0 0 0 0 0 0 0 0 109 0 0 0 0 0 0 48 0 0 0 0 0 0 0 0 0 0 0 0 0 0 0 2 0 0 0 0 0 0 0 0 0 0 0 0 0 0 0
521 TTG 0 0 0 0 0 0 0 0 0 0 0 0 0 0 0 0 0 0 0 0 0 0 0 0 0 0 0 0 0 0 2 0 0 0 0 0 0 0 0 0 0 0 0 0 0 0 2 0 0 0 0 0 0 0 1 0 0 0 1 0 3 0 106026 3
522 GAA 3 1 0 1 0 0 0 0 0 0 0 0 0 1 0 0 0 0 0 0 0 0 0 0 0 0 0 0 0 0 0 0 104970 1 1 14 0 0 0 0 5 0 0 0 0 0 0 0 7 0 0 0 0 0 0 0 0 0 0 0 0 0 0 0
523 TCA 0 0 0 1 0 0 0 0 0 0 0 0 0 0 0 0 1 0 0 0 7 0 0 0 0 0 0 0 0 0 0 0 0 0 0 0 0 0 0 0 0 0 0 0 1 0 0 0 2 0 0 0 104988 2 7 0 0 0 0 0 2 0 0 0
524 ATG 0 0 1 0 0 0 3 0 0 0 0 0 2 0 102916 3 0 0 0 0 0 0 0 0 0 0 0 0 0 0 0 0 0 0 0 0 0 0 0 0 0 0 0 0 0 0 5 0 0 0 0 0 0 0 0 0 0 0 0 0 0 0 0 0
525 GGG 0 0 0 0 0 0 0 0 0 0 2 0 0 0 0 0 0 0 0 0 0 0 0 0 0 0 2 0 0 0 0 0 0 0 2 0 0 0 0 0 9 9 101020 35 0 0 5 0 0 0 0 0 0 0 0 0 0 0 3 0 0 0 0 0
526 GTG 0 0 0 0 0 0 0 0 0 0 0 0 24 0 5 0 0 0 0 0 0 0 0 0 0 0 0 0 0 0 0 0 0 0 1 0 0 1 8 0 0 0 2 0 130 1 98216 3 0 0 0 0 0 0 0 0 0 0 0 0 0 0 8 0
527 TAT 0 0 0 0 0 0 0 0 0 0 0 0 0 0 0 0 0 0 0 20 0 0 0 0 0 0 0 0 0 0 0 0 0 0 0 0 0 0 0 0 0 0 0 1 0 0 0 0 0 16 1 103304 0 0 0 0 0 0 0 1 0 0 0 0
528 CAG 0 0 5 0 0 0 0 0 0 0 0 0 0 0 0 0 284 0 99310 1 0 0 0 0 0 0 11 0 0 0 0 0 0 0 0 0 0 0 0 0 0 0 0 0 0 0 0 0 0 0 2 0 0 0 0 0 0 0 0 0 0 0 0 0
529 ATT 0 0 0 0 0 0 0 0 0 0 0 3 0 2 1 104493 0 0 0 0 0 0 0 0 0 0 0 0 0 0 0 0 0 0 0 0 0 0 0 0 0 0 2 0 0 0 0 0 0 0 0 0 0 0 0 0 0 0 605 0 0 0 0 0
530 CTG 0 0 0 0 0 0 0 0 0 0 0 0 0 0 5 0 0 0 0 0 0 0 3 0 0 0 1 0 2 0 107002 86 0 0 0 0 0 0 0 0 0 0 0 0 0 0 0 0 0 0 0 0 0 0 0 0 0 0 0 0 0 0 2 0
531 GCG 0 0 0 0 0 0 3 0 0 0 0 0 0 0 0 0 0 0 0 0 0 0 0 0 0 0 0 0 0 0 0 0 0 0 4 0 5 0 107394 7 0 0 0 0 0 0 16 0 0 0 0 0 0 0 1 0 0 0 0 0 0 0 0 0
532 ATC 0 0 0 0 0 2 0 0 0 2 0 0 12 107419 1 9 0 0 0 0 0 0 0 0 0 0 0 0 0 0 0 0 0 0 0 0 0 0 0 0 0 0 0 0 0 4 0 0 0 0 0 0 0 0 0 0 0 0 0 0 0 1 0 0
533 TAC 0 2 0 0 0 0 0 0 0 0 0 0 0 0 0 0 0 27 0 0 0 0 0 0 0 0 0 0 0 0 0 0 0 0 0 0 0 0 0 0 0 0 0 0 0 0 0 0 5 106988 0 5 0 0 0 0 0 3 0 0 0 0 0 0
534 TCA 0 0 0 0 0 0 0 0 0 0 0 0 0 0 0 0 0 0 0 0 5 0 0 0 0 0 0 0 0 0 0 0 0 0 0 0 0 0 0 0 0 0 0 0 0 0 0 0 13 0 0 0 106543 1 8 1 2 0 0 0 0 0 0 0
535 ACT 0 0 0 2 1 13 3 108517 0 0 0 0 0 0 0 17 0 0 0 0 0 0 0 0 0 0 0 0 0 0 0 0 0 0 0 0 0 0 0 7 0 0 0 0 0 0 0 0 0 0 0 0 0 0 0 0 0 0 0 0 0 0 0 0
536 GTC 0 0 0 0 0 0 0 0 0 0 0 0 0 16 0 0 0 0 0 0 0 0 0 0 0 0 0 0 0 0 0 0 0 0 0 0 0 2 0 0 0 0 0 0 9 107556 1 3 0 0 0 0 0 0 0 0 0 0 0 0 0 0 0 0
537 GCC 0 0 0 0 0 22 0 0 0 0 0 0 0 0 0 0 0 0 0 0 0 0 0 0 0 0 0 0 0 0 0 0 0 1 0 0 1 108485 0 6 0 0 0 0 0 1 0 0 0 0 0 0 0 4 0 0 0 0 0 0 0 0 0 0
538 AGT 0 0 0 5 0 0 0 1 0 2 0 109035 0 0 0 1 0 0 0 0 0 0 0 0 0 0 0 0 0 0 0 0 0 0 0 0 0 0 2 0 0 0 0 3 0 0 0 0 0 0 0 0 0 0 0 0 0 0 0 0 0 0 0 0
539 TCA 0 0 0 0 0 0 0 0 0 0 0 0 0 0 0 0 0 0 0 0 3 0 0 0 0 0 0 0 0 0 0 0 0 0 0 0 0 0 0 0 0 0 0 0 0 0 0 0 4 0 0 0 108266 0 3 0 0 0 0 0 9 0 0 0
540 CTG 0 0 0 0 0 0 0 0 0 0 0 0 0 0 112 0 0 0 3 0 0 0 16 0 0 0 0 0 2 1 108280 1 0 0 0 0 0 0 0 0 0 0 0 0 0 0 1 0 0 0 0 0 13 0 224 0 0 0 0 0 0 0 2 0
541 GTG 0 0 0 0 0 0 0 0 0 0 0 0 0 0 1 0 0 0 0 0 0 0 0 0 0 0 0 0 0 0 0 1 0 0 0 0 0 0 8 0 0 0 0 0 9 0 107885 4 0 0 0 0 0 0 0 0 0 0 0 0 0 0 22 0
542 CTT 0 0 0 0 0 0 0 0 0 0 0 0 1 0 0 6 0 0 0 0 0 0 0 28 0 1 0 2 1 3 32 107892 0 0 0 0 0 0 0 0 0 0 0 0 0 0 0 0 0 0 0 0 0 0 0 0 0 0 0 0 0 0 0 16
543 TTG 0 0 0 0 0 0 0 0 0 0 0 0 0 0 1 0 0 0 0 0 0 0 0 0 0 0 0 0 0 0 6 0 0 0 0 0 0 0 0 0 0 0 0 0 0 0 0 0 0 0 0 3 0 0 0 0 0 0 22 0 4 0 108119 0
544 GTC 0 0 0 0 0 0 0 0 0 0 0 0 0 4 0 0 0 0 0 0 0 0 0 0 0 0 0 0 0 0 0 0 0 0 0 0 0 3 0 0 0 0 0 0 7 107586 1 9 0 0 0 0 0 0 0 0 0 0 0 0 0 3 0 0
545 TCC 0 0 0 0 0 0 0 0 0 0 0 0 0 0 0 0 0 0 0 0 0 15 0 0 0 0 0 0 0 1 0 0 0 0 0 0 0 0 0 0 0 0 0 0 0 0 0 0 0 5 0 0 4 108047 1 1 0 0 0 0 0 3 0 0
546 CTG 0 0 0 0 0 0 0 0 0 0 0 0 0 0 4 0 0 0 0 0 0 0 31 0 0 0 7 0 4 0 108272 4 0 0 0 0 0 0 0 0 0 0 0 0 0 0 1 0 0 0 0 0 0 0 0 0 0 0 0 0 0 0 6 0
547 GGG 0 0 0 0 0 0 0 0 0 0 0 0 0 0 0 0 0 0 0 0 0 0 0 0 0 0 0 0 0 0 0 0 0 0 2 0 0 0 0 0 4 0 108578 5 0 0 8 0 0 0 0 0 0 0 0 0 0 0 2 0 0 0 0 0
548 GCA 0 0 0 0 20 0 0 0 0 0 0 0 0 0 0 0 0 0 0 0 3 0 0 0 0 0 0 0 0 0 0 0 9 0 0 0 108687 0 1 1 6 0 0 0 11 0 0 0 0 0 0 0 164 0 0 0 0 0 0 0 0 0 0 0
549 ATC 0 0 0 0 0 19 0 0 0 0 0 0 4 108897 0 5 0 0 0 0 0 0 0 0 0 0 0 0 0 0 0 0 0 0 0 0 0 0 0 0 0 0 0 0 0 1 0 0 0 0 0 0 0 0 0 0 0 0 0 0 0 0 0 0
550 AGT 0 0 0 3 0 0 0 0 0 0 4 108054 0 0 0 6 0 0 0 0 0 0 0 0 0 0 0 0 0 0 0 0 0 0 0 0 0 0 0 0 0 0 0 8 0 0 0 0 0 0 0 0 0 0 0 0 0 0 0 2 0 0 0 0
551 TTC 0 0 0 0 0 0 0 0 0 0 0 0 0 0 0 0 0 0 0 0 0 0 0 0 0 0 0 0 0 139 0 0 0 0 0 0 0 0 0 0 0 0 0 0 7 0 0 0 0 0 0 0 0 17 0 0 0 0 0 0 3 108828 0 3
552 TGG 0 0 0 0 0 0 0 0 0 0 0 0 0 0 0 0 0 0 0 0 0 0 0 0 0 0 6 0 0 0 0 0 0 0 0 0 0 0 0 0 0 0 4 0 0 0 0 0 0 0 1 0 0 0 0 0 3 0 108853 4 0 0 1 1
553 ATG 0 0 1 0 0 0 1 0 0 0 0 0 3 0 108492 3 0 0 0 0 0 0 0 0 0 0 0 0 0 0 0 0 0 0 0 0 0 0 0 0 0 0 0 0 0 0 9 0 0 0 0 0 0 0 0 0 0 0 0 0 0 0 0 0
554 TGT 0 0 0 0 0 0 0 0 0 0 0 1 0 0 0 0 0 0 0 0 0 0 0 0 0 0 0 1 0 0 0 0 0 0 0 0 0 0 0 0 0 0 0 3 0 0 0 0 0 0 0 8 0 0 0 1 0 7 0 108755 0 0 1 4
555 TCT 0 0 0 0 0 0 0 0 0 0 0 37 0 0 0 0 0 0 0 0 0 0 0 2 0 0 0 0 0 0 0 0 0 0 0 0 0 0 0 0 0 0 0 0 0 0 0 0 0 0 0 10 1 22 0 108094 0 0 0 0 0 0 0 0
556 AAT 0 3 3 109117 0 0 0 0 0 0 0 2 0 0 0 0 0 0 0 0 0 0 0 0 0 0 0 0 0 27 0 0 0 0 0 7 0 0 0 0 0 0 0 0 0 0 0 0 0 0 0 1 0 0 0 0 0 0 0 0 0 0 0 0
557 GGG 0 0 0 0 0 0 0 0 0 0 1 0 0 0 0 0 0 0 0 0 0 0 0 0 0 0 0 0 0 0 0 0 0 0 2 0 0 0 0 0 4 0 108702 2 0 0 4 0 0 0 0 0 0 0 0 0 0 0 6 0 0 0 0 0
558 TCT 0 0 0 0 0 0 0 0 0 0 0 0 0 0 0 0 0 0 0 0 0 0 0 3 0 0 0 0 0 0 0 0 0 0 0 0 0 0 0 1 0 0 0 0 0 0 0 0 0 0 0 6 0 9 2 108496 0 0 0 1 0 0 0 4
559 TTG 0 0 0 0 0 0 0 0 0 0 0 0 0 0 0 0 0 0 0 0 0 0 0 0 0 0 0 0 0 0 4 0 0 0 0 0 0 0 0 0 0 0 0 0 0 0 0 0 0 0 0 0 0 0 8 0 0 0 0 0 17 0 109150 6
560 CAG 0 0 4 0 0 0 2 0 0 0 0 0 0 0 0 0 2 0 108979 4 0 0 1 0 0 0 12 0 0 0 2 0 0 0 0 0 0 0 0 0 0 0 0 0 0 0 0 0 0 0 34 0 0 0 0 0 0 0 0 0 0 0 0 0
561 TGC 0 0 0 0 0 0 0 0 0 1 0 0 0 0 0 0 0 0 0 0 0 0 0 0 0 2 0 0 0 0 0 0 0 0 0 0 0 0 0 0 0 0 0 0 0 0 0 0 0 39 0 0 0 0 0 0 6 108888 0 7 0 8 0 0
562 AGA 29 0 0 0 0 0 0 0 109137 0 27 0 6 0 0 0 0 0 2 0 0 0 0 0 0 0 0 0 0 0 0 0 0 0 0 0 0 0 0 0 9 0 0 0 0 0 0 0 0 0 0 0 0 0 0 0 2 0 0 0 0 0 0 0
563 ATA 2 0 0 0 8 0 0 0 0 0 0 0 108980 0 16 0 0 0 0 0 0 0 0 0 0 0 0 0 0 0 0 0 0 0 0 0 0 0 0 0 0 0 0 0 1 0 0 0 0 0 0 0 0 0 0 0 0 0 0 0 0 0 0 0
564 TGC 0 0 0 0 0 0 0 0 0 0 0 0 0 0 0 0 0 0 0 0 0 0 0 0 0 3 0 0 0 0 0 0 0 0 0 0 0 0 0 0 0 1 0 0 0 0 0 0 0 21 0 0 0 1 0 0 7 108850 0 18 0 3 0 0
565 ATC 0 0 0 0 0 6 0 0 0 0 0 0 2 108617 0 0 0 0 0 0 0 0 0 0 0 0 0 0 1 0 0 0 0 0 0 0 0 0 0 0 0 0 0 0 0 7 0 0 0 0 0 0 0 0 0 0 0 0 0 0 0 1 0 0
566 TGA 0 0 0 0 0 0 0 0 0 0 0 0 0 0 0 0 0 0 0 0 0 0 0 0 18 0 0 0 0 0 0 0 0 0 0 0 0 0 0 0 0 0 0 0 0 0 0 0 17 0 0 0 2 0 0 0 108913 0 11 0 4 0 0 0
